30
100
10
0.0977291 0.795463
0.0596736 0.983546
0.390372 0.910412
0.414093 0.837157
0.475553 0.860699
0.440788 0.952796
0.503127 0.964032
0.512635 0.956162
0.644862 0.962423
0.97935 0.714184
0.844369 0.631371
0.931084 0.511521
0.884658 0.445022
0.992545 0.0751415
0.831122 0.115541
0.478791 0.0807263
0.388712 0.123653
0.313136 0.174205
0.292679 0.23494
0.355434 0.217537
0.421506 0.243851
0.386415 0.27503
0.390571 0.347979
0.539005 0.357532
0.43486 0.525716
0.413792 0.552601
0.348064 0.43421
0.297859 0.457243
0.101377 0.674528
0.0431492 0.701848
