30
100
10
0.949745 0.862028
0.957826 0.570165
0.90036 0.592447
0.722527 0.500435
0.747781 0.490511
0.909162 0.397111
0.902278 0.208928
0.761508 0.0261184
0.701221 0.0171129
0.619521 0.0204048
0.645264 0.140972
0.454476 0.319449
0.430121 0.346485
0.303591 0.246497
0.304602 0.146237
0.42027 0.0739969
0.23181 0.03301
0.160582 0.142635
0.158085 0.330481
0.0561885 0.324967
0.0925098 0.499027
0.0900485 0.584196
0.198603 0.64853
0.339854 0.618873
0.134188 0.891573
0.183334 0.885694
0.361623 0.850105
0.746932 0.944842
0.836415 0.81409
0.911812 0.881121
