50
100
10
0.917797 0.941591
0.725381 0.890694
0.638286 0.987821
0.578312 0.909083
0.610669 0.867411
0.649542 0.702793
0.609747 0.708709
0.593487 0.669228
0.540136 0.633585
0.466661 0.595891
0.403652 0.52415
0.361041 0.597495
0.456597 0.701586
0.504561 0.770875
0.404838 0.922328
0.297251 0.976166
0.0527237 0.990764
0.0907484 0.813202
0.253185 0.805226
0.151707 0.649719
0.108099 0.542796
0.229477 0.547228
0.195005 0.512748
0.196946 0.491985
0.247213 0.406043
0.211038 0.381184
0.00420287 0.225889
0.00459808 0.00854495
0.104948 0.00679724
0.212024 0.0349094
0.280947 0.023654
0.227625 0.11523
0.382679 0.1372
0.44228 0.27415
0.544771 0.204241
0.655388 0.192716
0.677753 0.0184525
0.885864 0.0163818
0.936866 0.0816738
0.794177 0.178153
0.788757 0.288422
0.841098 0.387012
0.732363 0.374923
0.713338 0.458116
0.737579 0.555816
0.760196 0.707007
0.754793 0.717936
0.822237 0.729034
0.806429 0.753848
0.801023 0.826835
