30
100
10
0.875722 0.00682088
0.886825 0.0375173
0.932981 0.190806
0.944206 0.237585
0.964635 0.274421
0.992323 0.523553
0.826106 0.476702
0.726988 0.387284
0.766976 0.457453
0.796565 0.556922
0.756262 0.665162
0.687264 0.612404
0.653076 0.651898
0.570628 0.652794
0.544358 0.720167
0.444447 0.650061
0.424184 0.745393
0.107514 0.798264
0.107953 0.614683
0.0948165 0.572243
0.245262 0.514534
0.34144 0.46227
0.292468 0.42008
0.369188 0.32254
0.400418 0.279561
0.120803 0.226524
0.0380864 0.219242
0.275035 0.103854
0.384441 0.115078
0.690311 0.211423
