30
100
10
0.0980878 0.480978
0.192158 0.492039
0.237345 0.441384
0.254649 0.456431
0.236471 0.568728
0.23861 0.93014
0.767337 0.986946
0.787886 0.812162
0.786223 0.780041
0.97119 0.750722
0.932184 0.699078
0.728601 0.479264
0.853528 0.410633
0.970477 0.306959
0.948697 0.187414
0.817644 0.151709
0.847857 0.102313
0.86581 0.0232328
0.801391 0.0408721
0.670243 0.0404488
0.737983 0.236562
0.570898 0.377253
0.574817 0.424426
0.520849 0.487887
0.382815 0.147986
0.240654 0.00204339
0.19036 0.2848
0.235347 0.336666
0.203012 0.333435
0.0278181 0.426832
