50
100
10
0.344085 0.164831
0.3351 0.152887
0.296526 0.151503
0.268679 0.135667
0.12519 0.00640818
0.101531 0.083874
0.00202836 0.161929
0.124803 0.207935
0.275786 0.237292
0.32676 0.189624
0.393199 0.227249
0.405325 0.289845
0.495184 0.328733
0.537668 0.354181
0.429987 0.437262
0.307917 0.402454
0.225221 0.479374
0.110502 0.429305
0.0880931 0.346113
0.0233264 0.43765
0.112102 0.5781
0.10255 0.972304
0.231469 0.978833
0.217631 0.859831
0.437931 0.748281
0.426326 0.69651
0.405804 0.636793
0.433426 0.601842
0.618929 0.726513
0.595018 0.785342
0.622103 0.826625
0.584508 0.899264
0.54928 0.953844
0.573363 0.968063
0.729863 0.994089
0.791065 0.87104
0.983082 0.838136
0.91625 0.746903
0.641303 0.481292
0.623478 0.329733
0.829091 0.263406
0.98419 0.064466
0.735587 0.139798
0.647545 0.104693
0.670916 0.00334981
0.588764 0.0452549
0.567025 0.0224394
0.423024 0.0292374
0.440473 0.0572948
0.376621 0.14273
