30
100
10
0.289624 0.897923
0.382027 0.823121
0.361354 0.654037
0.240369 0.623135
0.154202 0.602436
0.227641 0.38935
0.0915129 0.378005
0.0928657 0.291335
0.155714 0.0693637
0.220409 0.11787
0.297837 0.186511
0.38372 0.197415
0.434917 0.25779
0.437001 0.124609
0.409557 0.0762185
0.328803 0.00531591
0.564515 0.0664813
0.936374 0.0134744
0.729857 0.396082
0.588476 0.500309
0.727045 0.529466
0.940991 0.591203
0.999221 0.611117
0.863646 0.77091
0.838841 0.975527
0.730255 0.862867
0.740561 0.724541
0.692498 0.666231
0.650959 0.698174
0.364877 0.999432
