50
100
10
0.630882 0.603779
0.545202 0.593296
0.589393 0.706453
0.469175 0.769949
0.414864 0.696709
0.322752 0.644185
0.288553 0.654209
0.246027 0.628858
0.184255 0.709037
0.267565 0.864025
0.18116 0.913187
0.0456173 0.78344
0.00675449 0.756178
0.142888 0.661827
0.150673 0.564245
0.0939151 0.555988
0.041429 0.413744
0.0190424 0.391409
0.100656 0.372374
0.21648 0.21806
0.299632 0.166446
0.390707 0.0633396
0.477572 0.123733
0.46299 0.13854
0.42989 0.265518
0.546036 0.270368
0.660617 0.317215
0.742011 0.307596
0.651035 0.245125
0.590434 0.218924
0.582803 0.0751182
0.669365 0.109136
0.760526 0.138232
0.83277 0.012441
0.87184 0.0303216
0.863109 0.187915
0.816773 0.252168
0.879085 0.279762
0.906839 0.275075
0.951359 0.317135
0.834613 0.399568
0.988799 0.533595
0.965554 0.687915
0.984704 0.892684
0.892264 0.89072
0.869553 0.883376
0.725166 0.821568
0.736556 0.77678
0.721339 0.706234
0.676125 0.593179
