50
100
10
0.703516 0.290731
0.75683 0.205417
0.672131 0.074691
0.470761 0.0168228
0.448676 0.0195092
0.468525 0.10318
0.456375 0.224812
0.368622 0.186971
0.210986 0.0796959
0.161894 0.232266
0.266667 0.264924
0.383522 0.35574
0.462089 0.445095
0.493465 0.586276
0.480589 0.579608
0.464604 0.592435
0.386354 0.589454
0.295279 0.558735
0.14272 0.461908
0.0158898 0.545322
0.0755535 0.759799
0.0481351 0.782686
0.0342475 0.842718
0.213664 0.778628
0.221247 0.765891
0.190564 0.654468
0.267006 0.662512
0.390141 0.687374
0.349253 0.725649
0.305215 0.730726
0.311924 0.791078
0.376277 0.78698
0.414231 0.797253
0.497186 0.768299
0.550985 0.823791
0.603845 0.801236
0.588006 0.728657
0.665465 0.683337
0.594102 0.67559
0.576006 0.602731
0.582929 0.57234
0.653103 0.545416
0.784334 0.582286
0.855219 0.685839
0.789321 0.851946
0.807901 0.903354
0.77274 0.987081
0.92697 0.910765
0.97657 0.562285
0.965599 0.38818
