30
100
10
0.792134 0.778153
0.526575 0.815109
0.500456 0.916554
0.294599 0.997019
0.149453 0.911267
0.115583 0.899931
0.170261 0.726366
0.0618323 0.681668
0.129433 0.507611
0.258654 0.487715
0.331344 0.454996
0.271412 0.394667
0.182067 0.386995
0.0352293 0.372739
0.0292618 0.00711703
0.227052 0.0648136
0.233149 0.0843333
0.376869 0.012741
0.814951 0.16524
0.914072 0.123478
0.945285 0.18162
0.907797 0.247395
0.893001 0.23241
0.644682 0.369752
0.552235 0.521651
0.585211 0.635523
0.863288 0.673944
0.899443 0.742844
0.992135 0.934672
0.849844 0.759724
