30
100
10
0.865221 0.182449
0.982031 0.456247
0.823691 0.529493
0.708504 0.577779
0.737633 0.691307
0.957997 0.685877
0.91548 0.708856
0.838669 0.775499
0.724494 0.986767
0.44498 0.889295
0.432248 0.90491
0.16164 0.813218
0.0952894 0.55915
0.0366482 0.375307
0.0506261 0.12141
0.364382 0.234729
0.249807 0.439773
0.291678 0.503029
0.417178 0.470118
0.434204 0.477498
0.522074 0.405395
0.495467 0.367444
0.551615 0.309176
0.622386 0.289106
0.512122 0.229603
0.580602 0.146716
0.738851 0.0696731
0.934173 0.0288084
0.973147 0.0771205
0.896909 0.182613
