30
100
10
0.739016 0.334616
0.633097 0.222199
0.619223 0.25443
0.406858 0.351816
0.528465 0.522286
0.637946 0.620375
0.746961 0.591722
0.989038 0.756246
0.999111 0.862977
0.892734 0.901389
0.680002 0.768397
0.428064 0.845547
0.0182549 0.988149
0.236175 0.773296
0.268292 0.766839
0.335698 0.747053
0.398391 0.638461
0.141133 0.422871
0.09191 0.224675
0.052213 0.185633
0.338775 0.0471869
0.497328 0.0806433
0.503514 0.0783933
0.683854 0.0637753
0.848302 0.0135167
0.863512 0.116866
0.994974 0.0826593
0.953775 0.374599
0.817817 0.28613
0.761445 0.303078
