30
100
10
0.667875 0.467413
0.717124 0.461129
0.882604 0.107039
0.98609 0.0180291
0.962517 0.229777
0.9322 0.241721
0.918203 0.253841
0.883457 0.536934
0.935145 0.63432
0.977401 0.80631
0.590241 0.882177
0.546362 0.836626
0.401498 0.964735
0.343306 0.83605
0.17484 0.832562
0.0742832 0.800808
0.209072 0.684797
0.255443 0.524255
0.330565 0.487347
0.363277 0.473495
0.469285 0.40911
0.250873 0.293082
0.210256 0.318522
0.130189 0.338789
0.138434 0.0338434
0.224446 0.0559112
0.36088 0.00942804
0.435127 0.244337
0.501256 0.232844
0.611604 0.307365
