30
100
10
0.97353 0.125339
0.923468 0.144203
0.908103 0.369715
0.71372 0.398625
0.599296 0.367002
0.703649 0.505277
0.823678 0.682036
0.933599 0.695443
0.903606 0.917896
0.758309 0.84335
0.746395 0.743063
0.596227 0.731781
0.550437 0.934849
0.436116 0.900785
0.441386 0.830413
0.305547 0.895057
0.305379 0.928323
0.196219 0.877392
0.232961 0.851338
0.270995 0.721903
0.0517517 0.557547
0.0293432 0.538509
0.326956 0.508684
0.443533 0.467213
0.197414 0.315065
0.318358 0.190536
0.545958 0.10102
0.611416 0.0406817
0.937134 0.0647533
0.961319 0.0708795
