50
100
10
0.0610033 0.0733179
0.132408 0.0205686
0.145176 0.0106066
0.305925 0.0490769
0.333913 0.0462173
0.303691 0.150232
0.353739 0.20607
0.330251 0.254207
0.41998 0.494069
0.428283 0.435567
0.507227 0.346772
0.454543 0.295318
0.476825 0.281919
0.547107 0.255927
0.535095 0.192118
0.513899 0.0410266
0.600979 0.00552838
0.670975 0.0655787
0.900472 0.0516383
0.99988 0.176907
0.850821 0.193082
0.906476 0.272231
0.983069 0.322185
0.962257 0.425628
0.928188 0.436098
0.886555 0.454905
0.814958 0.40595
0.853926 0.328385
0.808606 0.333793
0.651684 0.366167
0.666138 0.433909
0.641637 0.501453
0.718826 0.599719
0.725541 0.675534
0.799664 0.727142
0.996898 0.933879
0.752722 0.994351
0.62918 0.896342
0.437979 0.945328
0.381427 0.822485
0.257697 0.782022
0.227674 0.868124
0.1708 0.779009
0.0224598 0.837478
0.017244 0.714979
0.0112829 0.695059
0.243756 0.655957
0.19522 0.494404
0.0686806 0.41986
0.159663 0.353701
