50
100
10
0.356797 0.152375
0.369916 0.199226
0.553341 0.306315
0.628036 0.268818
0.758264 0.350596
0.926689 0.220201
0.869408 0.37605
0.847106 0.49659
0.801018 0.627054
0.844173 0.651434
0.972942 0.621599
0.98418 0.70732
0.918276 0.833256
0.938225 0.931222
0.752191 0.98816
0.700364 0.929961
0.761952 0.831286
0.635496 0.792758
0.540539 0.824537
0.599836 0.877555
0.522357 0.994292
0.385974 0.962175
0.301925 0.967762
0.270401 0.989887
0.0718244 0.969194
0.039577 0.956101
0.106798 0.912951
0.149842 0.76465
0.236579 0.774466
0.390052 0.757941
0.415163 0.716391
0.462142 0.763729
0.513922 0.774449
0.597846 0.501139
0.513438 0.508318
0.485298 0.554688
0.40152 0.549191
0.399029 0.475841
0.409375 0.433451
0.239262 0.332332
0.235411 0.425551
0.074102 0.469068
0.115165 0.33975
0.16305 0.234224
0.20391 0.24725
0.226208 0.208291
0.150162 0.037597
0.224112 0.0448707
0.250291 0.0450234
0.401143 0.118026
