30
100
10
0.960236 0.0135378
0.937852 0.0320462
0.797806 0.303709
0.786323 0.330247
0.753158 0.296555
0.653622 0.23539
0.532441 0.353589
0.419652 0.251864
0.351426 0.356922
0.367127 0.45045
0.489719 0.563493
0.608786 0.530646
0.697291 0.492677
0.789232 0.579119
0.83159 0.546638
0.867203 0.561726
0.95372 0.573129
0.925094 0.736585
0.7009 0.786613
0.672699 0.856068
0.608006 0.778297
0.12522 0.771078
0.211992 0.626948
0.0829636 0.562415
0.0773978 0.0805897
0.237436 0.106984
0.291358 0.0288871
0.378615 0.0497374
0.405426 0.0605123
0.562692 0.0690256
