50
100
10
0.689586 0.636136
0.68054 0.707249
0.705823 0.697989
0.755311 0.637144
0.769401 0.713193
0.855 0.771275
0.850464 0.790075
0.82512 0.804903
0.910471 0.860566
0.935871 0.865251
0.858045 0.877203
0.729061 0.871843
0.499713 0.966236
0.443335 0.868149
0.522042 0.746635
0.512981 0.650199
0.431835 0.616915
0.3399 0.635779
0.398339 0.794691
0.365539 0.858883
0.194268 0.972862
0.116131 0.960105
0.148214 0.861331
0.0101039 0.851859
0.00143509 0.804291
0.0267389 0.638432
0.105105 0.51572
0.286995 0.51447
0.221691 0.482595
0.0660947 0.242042
0.0557652 0.0753047
0.151855 0.153651
0.375461 0.205536
0.407184 0.313082
0.465059 0.253533
0.428507 0.197946
0.453382 0.0524573
0.57426 0.147751
0.623061 0.2548
0.642223 0.300157
0.668121 0.186631
0.764396 0.203373
0.779314 0.167856
0.869032 0.144852
0.916378 0.117566
0.948412 0.00846559
0.949291 0.145103
0.881246 0.293556
0.754796 0.43885
0.632036 0.519192
