30
100
10
0.152826 0.0217874
0.200199 0.0925807
0.324737 0.163779
0.304946 0.237584
0.307577 0.354536
0.352096 0.373364
0.395151 0.469992
0.385273 0.480428
0.38248 0.504921
0.484824 0.628337
0.548802 0.588348
0.570873 0.507439
0.573009 0.442115
0.869711 0.239804
0.823057 0.60868
0.909555 0.62973
0.929675 0.680746
0.987896 0.7898
0.86814 0.781073
0.473497 0.946455
0.340723 0.940122
0.300991 0.856037
0.263611 0.765895
0.233185 0.837585
0.0875117 0.979903
0.0356711 0.882622
0.137169 0.585472
0.131944 0.567197
0.206448 0.529237
0.155545 0.28177
