30
100
10
0.379941 0.335058
0.359912 0.5255
0.50346 0.544605
0.602055 0.50869
0.726687 0.469413
0.777567 0.0815026
0.974995 0.283554
0.903708 0.516993
0.980889 0.663166
0.934356 0.710257
0.709736 0.914848
0.576064 0.926614
0.518197 0.933329
0.39373 0.863372
0.334521 0.865806
0.183354 0.899386
0.128259 0.960921
0.0104725 0.973813
0.13912 0.855146
0.273081 0.752873
0.0701056 0.458002
0.00730292 0.460401
0.0364077 0.34606
0.0642723 0.147101
0.304116 0.0924546
0.423994 0.0138518
0.494418 0.050967
0.534908 0.088935
0.505439 0.201645
0.324559 0.268877
