30
100
10
0.158524 0.441746
0.105209 0.472017
0.277178 0.490267
0.35131 0.532101
0.278098 0.606445
0.193616 0.680305
0.137561 0.662708
0.113417 0.974733
0.343013 0.755238
0.541778 0.669543
0.553773 0.675712
0.628937 0.646988
0.568984 0.839295
0.698488 0.800566
0.965982 0.837491
0.964974 0.55307
0.899842 0.517904
0.877362 0.533959
0.714323 0.453615
0.913764 0.0920431
0.687148 0.191861
0.581286 0.263733
0.510757 0.423415
0.464132 0.237807
0.496281 0.122123
0.483735 0.0992765
0.392365 0.13867
0.261308 0.00781997
0.166594 0.182222
0.291107 0.331178
