50
100
10
0.548762 0.289206
0.517577 0.379873
0.579176 0.504485
0.702598 0.491363
0.831111 0.54276
0.831966 0.468583
0.938128 0.468847
0.968108 0.614609
0.951007 0.623989
0.948621 0.675427
0.810763 0.66755
0.787552 0.768018
0.77435 0.914295
0.800464 0.932377
0.737084 0.982051
0.448732 0.926269
0.469029 0.67977
0.413788 0.732435
0.296733 0.704365
0.210084 0.653405
0.148354 0.663579
0.0889136 0.876106
0.0284954 0.898655
0.00386238 0.647625
0.140629 0.560318
0.17407 0.588016
0.263406 0.464557
0.30103 0.465202
0.352254 0.387488
0.173508 0.3091
0.162194 0.279843
0.0334302 0.292681
0.126192 0.0971969
0.144327 0.0735051
0.289526 0.160092
0.302363 0.133945
0.363856 0.0350474
0.636742 0.00210177
0.815659 0.0584906
0.717013 0.174619
0.843464 0.250086
0.877525 0.24965
0.87591 0.351535
0.685213 0.337137
0.682793 0.329525
0.700395 0.300261
0.679104 0.297963
0.659717 0.300995
0.595366 0.296189
0.527074 0.213946
