30
100
10
0.252565 0.784106
0.106863 0.925381
0.358925 0.99348
0.352114 0.849164
0.391589 0.726366
0.426307 0.630601
0.4093 0.546422
0.470532 0.593435
0.491995 0.625194
0.602223 0.601227
0.633174 0.632558
0.752141 0.74456
0.779221 0.981029
0.808383 0.867862
0.914103 0.743359
0.939598 0.728824
0.734042 0.558446
0.753588 0.489642
0.794282 0.481944
0.779224 0.297458
0.826926 0.140607
0.626565 0.280504
0.408998 0.355811
0.300059 0.423281
0.226504 0.035865
0.0538821 0.0247635
0.130717 0.415518
0.0908682 0.515861
0.278487 0.542425
0.281192 0.582863
