30
100
10
0.325552 0.357294
0.0163505 0.375087
0.0273271 0.824417
0.0563302 0.850571
0.300384 0.841334
0.342091 0.76728
0.534199 0.806195
0.530748 0.892942
0.652927 0.885939
0.578333 0.681062
0.693338 0.644808
0.779516 0.569272
0.82075 0.683628
0.83868 0.877081
0.946402 0.911502
0.988066 0.971624
0.984605 0.827466
0.982033 0.76412
0.926567 0.728287
0.967515 0.608295
0.955274 0.318251
0.984935 0.288064
0.823244 0.0142629
0.680554 0.17841
0.656742 0.342984
0.485375 0.214753
0.427903 0.105068
0.428685 0.0765638
0.293669 0.163388
0.314609 0.346265
