30
100
10
0.00534083 0.211086
0.115174 0.173468
0.144283 0.131844
0.169566 0.0470169
0.352829 0.0733121
0.470814 0.0473933
0.585442 0.0391519
0.647811 0.0028797
0.844593 0.0493033
0.887436 0.0384509
0.823941 0.335571
0.858597 0.453598
0.9237 0.567277
0.889648 0.655669
0.694565 0.850388
0.41449 0.721205
0.370787 0.732029
0.374723 0.88099
0.0877542 0.996098
0.0964626 0.840043
0.130589 0.817636
0.114751 0.80351
0.284033 0.600794
0.391341 0.463621
0.442913 0.432017
0.4665 0.409384
0.625311 0.42534
0.313007 0.19856
0.157369 0.202928
0.0679713 0.259728
