50
100
10
0.364324 0.156593
0.469416 0.103773
0.455475 0.0374076
0.574099 0.00174934
0.583565 0.0476501
0.648881 0.0635393
0.793075 0.0437042
0.910871 0.0184527
0.950298 0.066789
0.887226 0.38631
0.933982 0.519983
0.868534 0.496605
0.841515 0.532494
0.754503 0.609128
0.826452 0.625788
0.902722 0.64558
0.84479 0.715421
0.86512 0.866636
0.856682 0.870271
0.875562 0.901471
0.748201 0.956674
0.502702 0.979538
0.499047 0.865253
0.590833 0.659397
0.614543 0.56646
0.611314 0.546158
0.658931 0.563987
0.665384 0.417285
0.698257 0.260986
0.621351 0.151583
0.521604 0.241646
0.503025 0.247554
0.549297 0.329847
0.503879 0.499651
0.415194 0.653014
0.395865 0.636389
0.315339 0.664677
0.231337 0.617425
0.150181 0.711042
0.141322 0.863371
0.153332 0.887867
0.0218457 0.982837
0.0811118 0.601231
0.156372 0.41783
0.278802 0.424326
0.279438 0.257528
0.0973524 0.24855
0.0430771 0.19545
0.107508 0.0311487
0.285185 0.186988
