50
100
10
0.474611 0.0306929
0.489524 0.160284
0.403388 0.18991
0.328534 0.0693408
0.237397 0.0914001
0.182543 0.0561384
0.149816 0.0964258
0.128208 0.166418
0.0986881 0.207715
0.0477488 0.214239
0.0522946 0.432075
0.0332676 0.494454
0.0313857 0.666613
0.115556 0.739577
0.131567 0.863553
0.182854 0.963927
0.281388 0.837237
0.29792 0.729228
0.406198 0.799549
0.48407 0.678403
0.512188 0.779841
0.510676 0.895723
0.554282 0.986799
0.61137 0.983398
0.58001 0.925646
0.558812 0.8665
0.63054 0.78229
0.644259 0.774132
0.76303 0.790961
0.959833 0.780706
0.98087 0.77897
0.990005 0.704118
0.867869 0.715032
0.725627 0.663807
0.762072 0.497271
0.59984 0.488609
0.528777 0.500682
0.518548 0.462034
0.446705 0.511388
0.312218 0.493058
0.270029 0.341674
0.473173 0.322518
0.479857 0.369346
0.545651 0.354076
0.536736 0.311988
0.700861 0.302962
0.810534 0.316353
0.734542 0.0836804
0.650762 0.1458
0.589484 0.0773593
