30
100
10
0.523835 0.236616
0.480648 0.272168
0.485383 0.280305
0.454781 0.357539
0.476756 0.480632
0.547847 0.568258
0.628191 0.51948
0.668501 0.451882
0.776937 0.377557
0.812131 0.561498
0.871999 0.621128
0.933307 0.957276
0.827189 0.887642
0.64987 0.679882
0.413371 0.666429
0.412156 0.761363
0.216371 0.941014
0.185781 0.840569
0.0489734 0.705149
0.0439859 0.567518
0.0133799 0.525729
0.0639344 0.17048
0.0852768 0.191003
0.111494 0.192117
0.112737 0.190308
0.208972 0.171944
0.524272 0.0771669
0.706734 0.131851
0.644685 0.194492
0.646645 0.248766
