30
100
10
0.857576 0.286493
0.989103 0.236161
0.991943 0.0101025
0.846988 0.0293207
0.583358 0.0239345
0.680693 0.353489
0.62983 0.450807
0.494822 0.438505
0.426745 0.376322
0.400256 0.387116
0.321838 0.397424
0.25737 0.229646
0.188478 0.0924787
0.19834 0.168826
0.133914 0.40609
0.0957322 0.440898
0.0276272 0.669797
0.167683 0.862126
0.177981 0.823117
0.251266 0.787198
0.312933 0.707624
0.519146 0.797513
0.395174 0.979001
0.548514 0.970877
0.58965 0.915331
0.77195 0.968695
0.887704 0.960033
0.835905 0.640511
0.861157 0.603815
0.889992 0.564199
