30
100
10
0.46087 0.307001
0.429188 0.410473
0.498992 0.568633
0.576218 0.534029
0.841933 0.363344
0.946569 0.470385
0.790801 0.674326
0.843003 0.717669
0.913387 0.827652
0.810023 0.864665
0.750978 0.922562
0.692096 0.963572
0.621387 0.942419
0.431369 0.938138
0.343611 0.89224
0.326616 0.898561
0.305674 0.965084
0.273002 0.920441
0.102662 0.948303
0.0251327 0.829795
0.221338 0.742449
0.245139 0.670227
0.007054 0.627129
0.0176295 0.408336
0.218564 0.274372
0.262888 0.194585
0.0807003 0.0121387
0.326916 0.0752105
0.454781 0.0239795
0.416775 0.105833
