30
100
10
0.00102058 0.18178
0.0707786 0.209709
0.297619 0.140017
0.388171 0.0140571
0.501278 0.185934
0.517584 0.247193
0.531239 0.33047
0.625474 0.209287
0.716111 0.20765
0.918575 0.123946
0.924795 0.38914
0.990084 0.468917
0.928311 0.493302
0.966017 0.67328
0.872962 0.88094
0.868552 0.717145
0.845953 0.572057
0.747996 0.401541
0.719611 0.346716
0.59872 0.456035
0.583322 0.485457
0.56046 0.636667
0.566882 0.749016
0.395643 0.811971
0.30605 0.705613
0.245337 0.701693
0.336324 0.620338
0.27934 0.507668
0.000969366 0.584663
0.00185612 0.577647
