50
100
10
0.455379 0.637643
0.463223 0.571481
0.537784 0.637951
0.661461 0.440369
0.70754 0.389127
0.617809 0.363955
0.518475 0.373646
0.536695 0.266691
0.47726 0.218193
0.419651 0.314247
0.327261 0.401446
0.303583 0.476974
0.244942 0.375807
0.119239 0.347079
0.0989542 0.314382
0.0187655 0.249124
0.0215957 0.189616
0.2542 0.188257
0.261406 0.15452
0.359027 0.198156
0.430527 0.0856328
0.489189 0.0445917
0.598965 0.0795113
0.796587 0.183201
0.846754 0.170203
0.856051 0.0805859
0.963109 0.140834
0.926851 0.246635
0.883855 0.391628
0.853843 0.481288
0.809974 0.708477
0.82726 0.852754
0.953631 0.997861
0.70706 0.976836
0.689711 0.97824
0.615977 0.855982
0.549172 0.784431
0.562111 0.826506
0.556029 0.860919
0.390919 0.993397
0.227365 0.88352
0.200152 0.923522
0.181653 0.890344
0.119445 0.879215
0.0674711 0.919631
0.148443 0.67251
0.0616367 0.569608
0.0735451 0.536465
0.23179 0.617666
0.401155 0.64512
