30
100
10
0.324765 0.00986216
0.49903 0.0192088
0.728164 0.134628
0.942531 0.1035
0.678648 0.255271
0.518318 0.37008
0.381677 0.455293
0.381238 0.574013
0.402522 0.659723
0.549673 0.509877
0.813297 0.58709
0.998512 0.92084
0.75339 0.838398
0.673874 0.794088
0.655779 0.842564
0.590904 0.836084
0.508493 0.764903
0.412411 0.90381
0.0298027 0.941043
0.0564134 0.853433
0.177196 0.549089
0.175646 0.539245
0.227987 0.482875
0.188485 0.440195
0.0292671 0.443857
0.0309474 0.246683
0.0243401 0.218287
0.151229 0.233609
0.224324 0.141367
0.359103 0.172903
