30
100
10
0.910134 0.371872
0.885748 0.359896
0.63242 0.243855
0.613771 0.118424
0.553695 0.0155275
0.471484 0.205716
0.464317 0.258198
0.312072 0.264964
0.2629 0.325954
0.118897 0.196454
0.114163 0.359276
0.147371 0.400844
0.0969955 0.533045
0.129692 0.554154
0.354831 0.554952
0.523162 0.732906
0.722849 0.862056
0.772259 0.87022
0.806082 0.93987
0.820271 0.997298
0.91343 0.987251
0.926824 0.77639
0.858999 0.615459
0.733883 0.635122
0.71626 0.642059
0.69944 0.656921
0.729712 0.575786
0.850282 0.505312
0.92936 0.566542
0.935682 0.472771
