30
100
10
0.501137 0.736213
0.650031 0.775279
0.607082 0.861933
0.663871 0.94689
0.757206 0.832163
0.808823 0.746043
0.855162 0.696017
0.762149 0.532255
0.771192 0.323765
0.933868 0.250213
0.782468 0.0945319
0.780773 0.215856
0.607442 0.297442
0.406632 0.203435
0.247887 0.0707969
0.23937 0.0751746
0.204724 0.111906
0.339411 0.270954
0.274142 0.382227
0.11844 0.407237
0.116793 0.522029
0.179002 0.526632
0.407269 0.618792
0.515896 0.551965
0.474389 0.453422
0.541297 0.421364
0.644599 0.501844
0.642771 0.55772
0.596408 0.663371
0.539621 0.72062
