30
100
10
0.657046 0.384207
0.722891 0.347904
0.827932 0.283727
0.938384 0.19172
0.991012 0.0595732
0.849954 0.181474
0.662006 0.255266
0.480795 0.275229
0.463989 0.243111
0.363425 0.129602
0.0322821 0.0626635
0.0913088 0.333254
0.112826 0.338684
0.165543 0.379442
0.231641 0.363462
0.334802 0.309196
0.523737 0.371142
0.514728 0.385644
0.50576 0.504018
0.369638 0.478812
0.249449 0.704181
0.0250096 0.883737
0.0159315 0.893375
0.272817 0.941263
0.44653 0.953268
0.727074 0.840562
0.98448 0.769872
0.899474 0.747901
0.813214 0.665457
0.64719 0.471807
