30
100
10
0.175792 0.302518
0.350413 0.308754
0.624655 0.0195837
0.690847 0.407772
0.764923 0.468787
0.826315 0.562146
0.948837 0.514202
0.948095 0.517161
0.906786 0.654357
0.822956 0.703242
0.977604 0.731995
0.969918 0.914219
0.966125 0.937665
0.570177 0.949476
0.600345 0.861268
0.566921 0.655957
0.58446 0.518798
0.49465 0.440766
0.401968 0.44854
0.393032 0.524976
0.454826 0.536839
0.302743 0.742527
0.261325 0.825437
0.200617 0.91471
0.200782 0.887203
0.174526 0.776137
0.243986 0.572952
0.163786 0.375143
0.161818 0.353267
0.102898 0.29925
