50
100
10
0.639945 0.0644084
0.626303 0.0492135
0.295609 0.0271249
0.261075 0.0108298
0.0184636 0.0537135
0.00334693 0.184491
0.0769971 0.12991
0.179703 0.148688
0.215078 0.278456
0.179116 0.520528
0.0835284 0.575041
0.00588881 0.616764
0.117106 0.673741
0.115863 0.745062
0.012804 0.775712
0.0756534 0.98855
0.205689 0.976639
0.185986 0.904011
0.213177 0.795949
0.259992 0.649802
0.335854 0.497582
0.399109 0.487006
0.422937 0.59639
0.411076 0.610933
0.396839 0.69898
0.449453 0.942962
0.58494 0.913493
0.711952 0.884486
0.81341 0.920793
0.865965 0.985952
0.970087 0.905283
0.998505 0.80794
0.987469 0.785327
0.891882 0.739464
0.78942 0.677875
0.749242 0.708106
0.650667 0.613783
0.615452 0.638136
0.587572 0.611512
0.543086 0.482704
0.605624 0.466764
0.808289 0.511499
0.865452 0.565498
0.958997 0.49859
0.937851 0.330592
0.954497 0.314819
0.881139 0.0755018
0.871554 0.052698
0.797523 0.0850954
0.690834 0.207398
