30
100
10
0.957331 0.586915
0.750438 0.6681
0.704209 0.659582
0.934553 0.926899
0.946605 0.93695
0.588515 0.976553
0.324947 0.968474
0.252934 0.747198
0.187241 0.743569
0.128549 0.727879
0.0370346 0.645071
0.0436282 0.415267
0.0195914 0.146301
0.0872525 0.190984
0.171393 0.202253
0.206875 0.292724
0.312951 0.211262
0.348554 0.274493
0.382724 0.432676
0.503985 0.483478
0.636135 0.519826
0.578345 0.429715
0.664829 0.263849
0.725029 0.279976
0.938902 0.0751546
0.893367 0.340054
0.847343 0.379777
0.828277 0.397882
0.931949 0.426352
0.899603 0.54102
