30
100
10
0.797477 0.544684
0.904263 0.509099
0.998828 0.474493
0.863409 0.564693
0.791624 0.722687
0.744941 0.95552
0.672488 0.692662
0.495431 0.587685
0.435013 0.757774
0.336785 0.655154
0.188871 0.816828
0.175437 0.480345
0.0868539 0.365197
0.0423417 0.314281
0.0501994 0.306166
0.168013 0.28776
0.163205 0.269007
0.165874 0.191928
0.182025 0.127955
0.138844 0.0386381
0.273061 0.107794
0.355877 0.13647
0.382668 0.227922
0.460935 0.123425
0.518983 0.210354
0.602041 0.263925
0.632524 0.275725
0.688412 0.32908
0.589886 0.424487
0.682869 0.497657
