30
100
10
0.455803 0.82973
0.342049 0.938983
0.315881 0.780932
0.300829 0.783068
0.235985 0.849741
0.12935 0.785656
0.230284 0.680862
0.286263 0.501002
0.0585052 0.422797
0.153613 0.132454
0.114779 0.00330011
0.467187 0.0728729
0.582892 0.00495575
0.622357 0.195854
0.684846 0.205934
0.853888 0.245229
0.963429 0.202379
0.853805 0.291301
0.678581 0.282567
0.653236 0.336296
0.55586 0.282963
0.447608 0.349926
0.393938 0.486151
0.544947 0.451087
0.675595 0.680201
0.91811 0.670639
0.990472 0.839289
0.69669 0.817317
0.618651 0.908865
0.583728 0.787826
