30
100
10
0.00792791 0.274141
0.0514554 0.578793
0.0806047 0.588338
0.224558 0.546502
0.35959 0.555071
0.129452 0.7386
0.23107 0.774215
0.303594 0.972383
0.320556 0.947259
0.429236 0.956926
0.502854 0.872716
0.612233 0.866843
0.772869 0.668698
0.774857 0.739385
0.782789 0.765485
0.804402 0.780796
0.870586 0.763469
0.942839 0.855857
0.92508 0.685082
0.947636 0.645443
0.856716 0.405955
0.917499 0.276909
0.824879 0.181976
0.722701 0.142379
0.688881 0.145435
0.682864 0.359297
0.330525 0.275723
0.128227 0.0963714
0.129235 0.118117
0.102361 0.258687
