30
100
10
0.09555 0.872951
0.119638 0.815863
0.358952 0.643782
0.325507 0.713395
0.353156 0.797422
0.370463 0.835461
0.47005 0.948614
0.589662 0.757728
0.599249 0.751713
0.72372 0.876267
0.77119 0.875844
0.89214 0.632448
0.840674 0.336749
0.664624 0.212763
0.677785 0.207266
0.704614 0.0597388
0.59431 0.0191895
0.557523 0.0321762
0.550098 0.0135128
0.472096 0.0492269
0.285363 0.106125
0.399538 0.265951
0.40151 0.310724
0.441573 0.449663
0.4454 0.517695
0.285632 0.420823
0.0487706 0.259333
0.0633738 0.617439
0.0331992 0.68986
0.0231287 0.752694
