30
100
10
0.0974933 0.681426
0.0922702 0.769533
0.173947 0.814241
0.357427 0.83046
0.565844 0.676507
0.65162 0.919746
0.800069 0.926317
0.952018 0.846848
0.798526 0.788415
0.843237 0.607251
0.980108 0.437487
0.685125 0.342566
0.672901 0.345207
0.677928 0.291646
0.721971 0.182485
0.677023 0.0443691
0.446578 0.045464
0.393844 0.104732
0.349533 0.07554
0.257718 0.0441369
0.0244785 0.0124214
0.158006 0.161525
0.189413 0.3536
0.0954316 0.40575
0.0800602 0.519073
0.119677 0.520261
0.188425 0.503655
0.330647 0.476454
0.194152 0.649221
0.159448 0.637142
