30
100
10
0.208404 0.299144
0.145809 0.46019
0.0347161 0.617662
0.130986 0.755975
0.22197 0.601832
0.405697 0.694178
0.443553 0.735082
0.455288 0.822321
0.399454 0.90264
0.734539 0.911702
0.768007 0.810274
0.879343 0.895788
0.912388 0.819408
0.980829 0.766177
0.998662 0.703112
0.823769 0.572826
0.86499 0.221937
0.978451 0.179202
0.840957 0.0382921
0.838286 0.0869601
0.632595 0.218211
0.564311 0.269806
0.456023 0.378096
0.397267 0.455792
0.41082 0.280854
0.468614 0.129648
0.459087 0.0329252
0.247388 0.156879
0.217494 0.159776
0.183494 0.223295
