30
100
10
0.709409 0.984892
0.615305 0.738766
0.567189 0.73569
0.441765 0.70085
0.346109 0.662782
0.327111 0.658782
0.316603 0.855442
0.194784 0.904407
0.193491 0.816576
0.130534 0.75888
0.145945 0.703654
0.0612352 0.62471
0.254138 0.540893
0.198383 0.329369
0.0640919 0.327243
0.0434772 0.21078
0.0961617 0.182998
0.114618 0.144113
0.247317 0.20718
0.328364 0.20069
0.391865 0.334064
0.417662 0.363242
0.38705 0.391874
0.413696 0.477733
0.481553 0.573725
0.576924 0.307787
0.752484 0.0598071
0.953373 0.269246
0.949546 0.457645
0.935378 0.859427
