30
100
10
0.865614 0.0302717
0.728887 0.10497
0.634047 0.034034
0.572496 0.00402388
0.534722 0.119724
0.346285 0.30506
0.390837 0.387725
0.436647 0.485756
0.332854 0.488792
0.185692 0.312251
0.137327 0.255559
0.123136 0.181013
0.0675458 0.335505
0.0948228 0.581286
0.184057 0.575444
0.300186 0.61749
0.292903 0.953436
0.492696 0.867576
0.49765 0.778487
0.618684 0.807146
0.637766 0.819739
0.667295 0.868114
0.717717 0.987441
0.941532 0.855619
0.687853 0.646471
0.608517 0.630023
0.633912 0.420201
0.910898 0.456753
0.922551 0.405569
0.885891 0.0553317
