30
100
10
0.0958303 0.046441
0.177758 0.00738437
0.356928 0.0640625
0.390296 0.0642828
0.542776 0.321466
0.637794 0.250875
0.683864 0.177374
0.906861 0.0589644
0.97899 0.107457
0.860809 0.354505
0.862271 0.429678
0.890271 0.481404
0.914004 0.484951
0.946694 0.544654
0.765735 0.610274
0.938559 0.766222
0.873679 0.991465
0.866382 0.955918
0.811218 0.874917
0.702036 0.882631
0.590674 0.998122
0.563296 0.934353
0.619132 0.74808
0.492335 0.842578
0.130656 0.91755
0.272055 0.684897
0.30984 0.537368
0.117113 0.595439
0.0116263 0.084215
0.0768428 0.0917624
