30
100
10
0.120737 0.775997
0.0186625 0.615079
0.0283553 0.301596
0.125542 0.0394911
0.282934 0.279928
0.213673 0.298219
0.194175 0.427383
0.3218 0.513589
0.375207 0.541259
0.390976 0.37095
0.454022 0.183241
0.592073 0.136726
0.778877 0.0769475
0.783143 0.155802
0.949559 0.11859
0.974078 0.292327
0.895007 0.403562
0.842856 0.393667
0.670733 0.454247
0.67756 0.593502
0.847914 0.473483
0.868128 0.506937
0.907244 0.618116
0.989065 0.996816
0.49866 0.918238
0.424199 0.871098
0.459166 0.797473
0.417077 0.790838
0.154386 0.988864
0.151683 0.945577
