30
100
10
0.179602 0.313528
0.0887384 0.238221
0.0797065 0.0285322
0.164707 0.0843812
0.301013 0.0899399
0.323791 0.189588
0.284303 0.26834
0.404066 0.403659
0.521593 0.353834
0.550523 0.345433
0.58454 0.375534
0.597263 0.00116393
0.953892 0.2198
0.988854 0.608459
0.806395 0.664246
0.748428 0.810243
0.66541 0.911654
0.691528 0.539377
0.551748 0.500159
0.528272 0.512334
0.557216 0.610332
0.507588 0.66604
0.315917 0.819274
0.275734 0.950255
0.215855 0.80618
0.0696989 0.741273
0.074521 0.716455
0.051711 0.70232
0.0758629 0.638869
0.0300427 0.367628
