30
100
10
0.47217 0.485627
0.0838569 0.322777
0.0170023 0.0286066
0.437691 0.122187
0.558991 0.0419705
0.583354 0.014236
0.593299 0.0394899
0.885087 0.191074
0.675249 0.149027
0.631752 0.177589
0.608457 0.204121
0.530803 0.28568
0.640813 0.41482
0.818653 0.557295
0.915508 0.635759
0.876537 0.657816
0.860504 0.685881
0.89086 0.830593
0.817106 0.886312
0.70542 0.952063
0.698274 0.949502
0.490435 0.906267
0.445253 0.862301
0.424177 0.82195
0.443427 0.737042
0.343696 0.867604
0.327321 0.873538
0.253845 0.812882
0.313261 0.61466
0.443607 0.508807
