50
100
10
0.323004 0.940976
0.520638 0.99094
0.555972 0.960139
0.576003 0.902616
0.624108 0.847119
0.710471 0.929232
0.853417 0.941742
0.888307 0.858813
0.753626 0.807855
0.860604 0.528176
0.777133 0.553475
0.759778 0.554788
0.687143 0.529756
0.536718 0.609156
0.515419 0.610544
0.508436 0.557597
0.540332 0.550953
0.596882 0.43825
0.543225 0.35666
0.544415 0.286059
0.601245 0.330483
0.620706 0.329629
0.633508 0.3222
0.993038 0.14447
0.94386 0.0465029
0.701494 0.0215516
0.600112 0.0969048
0.512633 0.0140162
0.336031 0.161943
0.215473 0.0909496
0.214749 0.0491593
0.158945 0.0823776
0.00664232 0.100237
0.042517 0.219535
0.239538 0.297771
0.0979113 0.431532
0.0911747 0.499832
0.115246 0.602249
0.125709 0.656606
0.0131436 0.688585
0.00906208 0.714917
0.120712 0.77877
0.0465212 0.964159
0.210473 0.825414
0.308556 0.83965
0.319772 0.755081
0.26193 0.659661
0.308526 0.61423
0.445549 0.730892
0.394676 0.852972
