30
100
10
0.364616 0.881484
0.0119981 0.858256
0.00741006 0.599205
0.0406474 0.472344
0.157269 0.425032
0.0604607 0.131268
0.399756 0.254576
0.527179 0.141588
0.73767 0.151566
0.839205 0.136112
0.917458 0.0815772
0.919299 0.375613
0.836653 0.39508
0.869725 0.452943
0.865728 0.551343
0.996109 0.7518
0.763104 0.909379
0.742693 0.981394
0.63246 0.783186
0.688529 0.747243
0.544763 0.578862
0.63292 0.471665
0.681821 0.377884
0.594531 0.411621
0.5 0.381416
0.404211 0.396904
0.337237 0.445114
0.453059 0.656968
0.398971 0.7482
0.460346 0.823565
