50
100
10
0.99486 0.740971
0.922449 0.709303
0.864193 0.746719
0.758458 0.769772
0.707537 0.755311
0.734216 0.700058
0.800174 0.55675
0.947449 0.547284
0.970862 0.392988
0.914915 0.306288
0.977831 0.240462
0.996853 0.0944209
0.883531 0.140319
0.827883 0.339755
0.687603 0.305914
0.571082 0.490543
0.511017 0.456906
0.436217 0.343268
0.479075 0.284784
0.5315 0.248205
0.478405 0.193168
0.525247 0.0820992
0.271616 0.064621
0.118282 0.139926
0.0965794 0.139931
0.0772032 0.102856
0.0063459 0.0526922
0.0582751 0.18558
0.0220373 0.541944
0.0808975 0.619598
0.104034 0.653377
0.0391816 0.680906
0.0293337 0.747623
0.0931133 0.867149
0.0315029 0.947235
0.270533 0.995813
0.245603 0.830111
0.238272 0.790976
0.243175 0.774984
0.519769 0.622485
0.532923 0.649132
0.51936 0.693837
0.512712 0.781575
0.578604 0.791637
0.624043 0.83098
0.644944 0.932232
0.68187 0.960734
0.791715 0.930779
0.856148 0.91656
0.925886 0.803456
