30
100
10
0.0600923 0.583521
0.194998 0.496661
0.0323253 0.399663
0.154982 0.0513109
0.308107 0.0979311
0.481284 0.120167
0.477518 0.329573
0.606075 0.307518
0.576885 0.256796
0.566934 0.209413
0.892299 0.0516338
0.776881 0.473385
0.826234 0.522437
0.972021 0.525251
0.76448 0.753809
0.71978 0.905556
0.642604 0.947536
0.667942 0.86432
0.588854 0.792739
0.657059 0.731866
0.53931 0.612224
0.440872 0.476144
0.413292 0.611478
0.378941 0.672517
0.347198 0.682885
0.341461 0.836057
0.287154 0.914133
0.143496 0.933558
0.208011 0.721399
0.143575 0.67493
