50
100
10
0.433703 0.252352
0.524174 0.189657
0.591532 0.15805
0.581281 0.0773255
0.630472 6.87037e-05
0.740244 0.0340445
0.932486 0.00288507
0.989301 0.124447
0.883829 0.12191
0.844867 0.154107
0.773835 0.188113
0.629008 0.233639
0.64516 0.442359
0.832455 0.485059
0.893527 0.366124
0.927864 0.44116
0.920402 0.470124
0.995909 0.506605
0.944012 0.587903
0.796 0.67725
0.824692 0.70089
0.860156 0.750081
0.754392 0.934694
0.675605 0.93992
0.587532 0.904031
0.55961 0.939083
0.537638 0.890642
0.564837 0.834752
0.445722 0.887078
0.488034 0.754355
0.388147 0.706077
0.357202 0.777357
0.309361 0.843076
0.243547 0.980106
0.198811 0.947758
0.0945082 0.955257
0.160391 0.684847
0.181118 0.616255
0.279652 0.624917
0.325487 0.663397
0.397153 0.54813
0.45097 0.39804
0.237648 0.36233
0.232459 0.383532
0.0722047 0.418995
0.175363 0.241553
0.198839 0.164767
0.119609 0.160323
0.0471775 0.0425025
0.262416 0.0122074
