30
100
10
0.557913 0.376755
0.612145 0.568859
0.701412 0.543982
0.814105 0.479725
0.85407 0.358422
0.988428 0.0963969
0.867188 0.563941
0.976851 0.579745
0.987378 0.844038
0.72334 0.713708
0.658502 0.842498
0.744445 0.978516
0.336039 0.975319
0.103966 0.970067
0.0666643 0.969901
0.0414001 0.909832
0.155796 0.831664
0.20842 0.791878
0.150567 0.777587
0.0500529 0.632175
0.249163 0.561925
0.296315 0.596661
0.330582 0.425453
0.33586 0.391768
0.068538 0.327692
0.046344 0.0263267
0.143687 0.0913449
0.350368 0.140221
0.411358 0.199263
0.454819 0.270647
