50
100
10
0.29892 0.294562
0.268346 0.0247165
0.458038 0.157488
0.448421 0.177207
0.479808 0.308118
0.514458 0.263604
0.534636 0.272127
0.620703 0.250202
0.585766 0.130739
0.624062 0.0944884
0.571722 0.0172781
0.950834 0.0814912
0.951693 0.236663
0.983965 0.277648
0.922435 0.403896
0.985167 0.504965
0.908861 0.476679
0.850118 0.524187
0.846651 0.533803
0.891165 0.568052
0.832575 0.699624
0.945714 0.746853
0.965015 0.906652
0.991514 0.994266
0.959004 0.98705
0.90319 0.992627
0.748806 0.864223
0.65445 0.845525
0.665689 0.682653
0.691612 0.64581
0.694118 0.613455
0.48989 0.488745
0.501395 0.413436
0.415803 0.443497
0.416953 0.457711
0.42522 0.540819
0.277659 0.704562
0.345434 0.870257
0.269343 0.835607
0.0514586 0.907602
0.104976 0.756896
0.0838591 0.701491
0.12615 0.699641
0.148018 0.678707
0.188369 0.644201
0.200096 0.545568
0.220669 0.508201
0.0257636 0.463772
0.00550617 0.406684
0.0201388 0.322464
