50
100
10
0.185491 0.196345
0.0861077 0.155633
0.0749178 0.144037
0.078039 0.27338
0.118901 0.35235
0.0849741 0.362048
0.0807151 0.509075
0.115285 0.421814
0.2555 0.341599
0.34495 0.333776
0.298807 0.400214
0.241704 0.533959
0.256625 0.607048
0.1355 0.741275
0.0327438 0.757604
0.120179 0.811594
0.115067 0.998062
0.247669 0.959434
0.540197 0.836398
0.560322 0.939307
0.750901 0.885621
0.798631 0.921355
0.979243 0.983245
0.951688 0.806576
0.898728 0.725689
0.896908 0.768397
0.878719 0.835875
0.77885 0.82921
0.742608 0.814185
0.586814 0.680501
0.695283 0.626893
0.643421 0.534073
0.637165 0.473307
0.732763 0.497737
0.812153 0.404238
0.890537 0.417614
0.858876 0.39449
0.81474 0.33837
0.969096 0.134219
0.831814 0.057282
0.775234 0.198218
0.766459 0.198805
0.758174 0.200487
0.653112 0.221607
0.605607 0.197547
0.564872 0.0716481
0.555383 0.0119755
0.546049 0.00816331
0.245859 0.00557685
0.240637 0.0176298
