30
100
10
0.378036 0.128465
0.342455 0.100464
0.260949 0.0425603
0.163762 0.155124
0.0316498 0.460479
0.125391 0.485671
0.180672 0.482773
0.293312 0.36514
0.408393 0.309546
0.432655 0.358341
0.31901 0.544982
0.35677 0.617798
0.281191 0.660969
0.304426 0.807641
0.508391 0.778176
0.713109 0.805422
0.841917 0.734805
0.914902 0.733431
0.979407 0.650082
0.700105 0.689063
0.64372 0.54959
0.72142 0.429817
0.962566 0.3034
0.775991 0.260941
0.789528 0.175851
0.746262 0.123108
0.697068 0.0349085
0.471414 0.128575
0.458056 0.145763
0.395775 0.154655
