30
100
10
0.760533 0.260452
0.780367 0.272229
0.803313 0.322034
0.904451 0.380989
0.741474 0.680392
0.750073 0.889808
0.760064 0.902459
0.28737 0.922598
0.24142 0.815283
0.183248 0.793249
0.0657527 0.961361
0.0373857 0.94309
0.0627311 0.79522
0.0767439 0.748092
0.0066184 0.635912
0.183026 0.675216
0.303587 0.5862
0.423282 0.670962
0.511696 0.566626
0.431031 0.477844
0.251934 0.366424
0.316304 0.259992
0.129621 0.0632714
0.161027 0.0495984
0.425173 0.191822
0.541341 0.119755
0.577676 0.103138
0.803451 0.16329
0.885839 0.186935
0.827077 0.211398
