50
100
10
0.952414 0.70797
0.854534 0.705637
0.838225 0.706182
0.897861 0.612362
0.930377 0.53023
0.802847 0.497853
0.754546 0.521317
0.739507 0.458548
0.623724 0.368801
0.505131 0.292334
0.516858 0.216743
0.514267 0.196054
0.576694 0.235382
0.622063 0.194589
0.68909 0.217096
0.692983 0.222945
0.78244 0.120202
0.841715 0.13633
0.819335 0.0476147
0.613733 0.0388001
0.59684 0.067402
0.411333 0.0526642
0.348332 0.0128871
0.290082 0.0572564
0.275242 0.0480664
0.265677 0.093494
0.29352 0.188222
0.210949 0.138921
0.115017 0.186116
0.00123969 0.208421
0.145457 0.416175
0.204357 0.314291
0.274816 0.280309
0.347711 0.330741
0.400511 0.291322
0.462549 0.376544
0.390644 0.465439
0.287831 0.462727
0.327894 0.582112
0.308107 0.686909
0.265162 0.6074
0.110216 0.583953
0.0406593 0.871656
0.0812168 0.926466
0.683092 0.982907
0.709539 0.964331
0.901691 0.828081
0.923273 0.753125
0.928912 0.748221
0.97022 0.700707
