30
100
10
0.970528 0.434848
0.994717 0.0815639
0.861942 0.145524
0.595211 0.056868
0.60148 0.035557
0.49744 0.00924117
0.384112 0.00848118
0.169018 0.043075
0.0379282 0.0831326
0.160542 0.285722
0.209885 0.359382
0.235426 0.229714
0.423056 0.124456
0.529245 0.178558
0.572348 0.255292
0.515435 0.414307
0.498971 0.392482
0.444468 0.35464
0.397715 0.451135
0.345319 0.493688
0.443329 0.613486
0.357981 0.656522
0.154765 0.593998
0.00780596 0.885485
0.474046 0.946799
0.994767 0.894184
0.806657 0.717503
0.65126 0.553363
0.704512 0.476258
0.841959 0.395968
