30
100
10
0.398382 0.135308
0.396017 0.0251368
0.207016 0.0371083
0.0899038 0.222072
0.126709 0.267936
0.179727 0.258888
0.272014 0.346601
0.141115 0.434003
0.219893 0.524387
0.338602 0.5839
0.349178 0.600954
0.263943 0.685393
0.185785 0.688114
0.0319942 0.882226
0.451766 0.960278
0.675974 0.995296
0.627506 0.813911
0.718683 0.677501
0.995066 0.929501
0.965212 0.767034
0.895994 0.561063
0.792323 0.535957
0.722484 0.414658
0.637779 0.324041
0.696535 0.170449
0.758029 0.211721
0.980887 0.204917
0.98436 0.0337956
0.707228 0.0149753
0.616593 0.0504764
