50
100
10
0.598671 0.309292
0.644414 0.3679
0.49048 0.513962
0.424773 0.668072
0.239843 0.758774
0.0765773 0.987633
0.106096 0.978628
0.308736 0.951977
0.358993 0.912108
0.446557 0.870692
0.452883 0.931733
0.53475 0.929169
0.624645 0.983902
0.614287 0.792527
0.837746 0.879637
0.960527 0.883408
0.772153 0.672668
0.72426 0.658358
0.825637 0.570619
0.860902 0.625824
0.993742 0.504829
0.951581 0.431888
0.943813 0.414945
0.820813 0.258191
0.807243 0.0439676
0.743317 0.151286
0.686431 0.130483
0.537345 0.0808896
0.549247 0.0671694
0.52022 0.00603969
0.424088 0.105275
0.361626 0.12258
0.190662 0.147888
0.0733024 0.069187
0.0278695 0.191424
0.1618 0.226052
0.109111 0.357604
0.103532 0.505958
0.0752267 0.526453
0.0359726 0.593522
0.0548023 0.585161
0.107484 0.586095
0.120019 0.634213
0.284182 0.479575
0.315296 0.386862
0.258763 0.375091
0.253234 0.357485
0.305834 0.28681
0.379957 0.304995
0.510868 0.311293
