50
100
10
0.309053 0.605137
0.257266 0.552627
0.171673 0.601131
0.000613276 0.489671
0.0535858 0.344049
0.00110246 0.26558
0.0456903 0.205469
0.441961 0.212385
0.501174 0.158713
0.449164 0.0126005
0.613537 0.103257
0.765273 0.0567415
0.904495 0.061516
0.939254 0.193818
0.959015 0.333107
0.964803 0.373131
0.854165 0.473154
0.704295 0.581147
0.650795 0.419719
0.587682 0.459807
0.565469 0.462912
0.488141 0.467702
0.443981 0.412829
0.406196 0.552888
0.406221 0.567606
0.444551 0.610152
0.49811 0.585884
0.528566 0.590049
0.538078 0.616225
0.576411 0.601431
0.618298 0.740474
0.73986 0.780039
0.861271 0.758039
0.972346 0.664381
0.991194 0.652788
0.911655 0.8419
0.799475 0.848157
0.767638 0.986251
0.734349 0.966204
0.577953 0.933569
0.574691 0.898093
0.453609 0.825736
0.400784 0.901088
0.254218 0.984174
0.211283 0.991687
0.113289 0.938519
0.110666 0.923429
0.135815 0.908061
0.26971 0.789971
0.341605 0.807788
