30
100
10
0.0498563 0.690625
0.154737 0.760978
0.27299 0.61353
0.230392 0.556308
0.110818 0.327981
0.436322 0.0216307
0.728063 0.135595
0.764224 0.126965
0.834747 0.163481
0.934251 0.0643887
0.92776 0.180924
0.9172 0.239544
0.825185 0.323294
0.681916 0.314448
0.563673 0.385685
0.578015 0.47385
0.489263 0.511453
0.404796 0.609823
0.481564 0.602752
0.704477 0.585318
0.74723 0.554951
0.773304 0.480874
0.845175 0.54714
0.896574 0.932955
0.785983 0.938233
0.711169 0.8828
0.349612 0.772936
0.221787 0.881423
0.0763099 0.851004
0.0873796 0.780786
