30
100
10
0.946691 0.04873
0.931011 0.350664
0.697588 0.564097
0.599462 0.65659
0.546115 0.736373
0.644292 0.728278
0.664498 0.747962
0.843258 0.821405
0.859505 0.997559
0.797267 0.997528
0.388181 0.982971
0.348192 0.860287
0.215995 0.817837
0.0852416 0.673678
0.204209 0.691621
0.247023 0.615768
0.194394 0.382804
0.197231 0.380221
0.31515 0.235317
0.0581504 0.063714
0.27529 0.0784921
0.29994 0.080195
0.436014 0.0775647
0.480733 0.140677
0.66272 0.193713
0.68918 0.305173
0.867392 0.100512
0.825527 0.0646228
0.814865 0.0376512
0.876756 0.0204991
