30
100
10
0.995107 0.238763
0.918755 0.242666
0.64424 0.261275
0.596662 0.440745
0.643943 0.660286
0.693379 0.667404
0.766886 0.679992
0.839239 0.706195
0.966907 0.731984
0.796504 0.828586
0.73682 0.938045
0.686137 0.761993
0.556529 0.727544
0.539726 0.733462
0.522597 0.883581
0.306808 0.934818
0.248559 0.576059
0.274844 0.495313
0.0898603 0.363549
0.0127157 0.020603
0.394044 0.207315
0.416961 0.279931
0.399387 0.313741
0.489537 0.335716
0.45714 0.148631
0.543031 0.129473
0.606876 0.0720057
0.690414 0.14537
0.669798 0.178953
0.955587 0.233445
