30
100
10
0.563267 0.324825
0.619361 0.471136
0.639746 0.481806
0.841969 0.488165
0.930126 0.542473
0.988897 0.580778
0.886614 0.616956
0.881145 0.641092
0.999963 0.998654
0.862445 0.881108
0.650652 0.728247
0.599259 0.860333
0.377319 0.903939
0.366259 0.864288
0.189113 0.935484
0.033294 0.929526
0.0638093 0.881258
0.27072 0.455863
0.0420795 0.23152
0.0539444 0.167875
0.281261 0.00783695
0.35336 0.0534137
0.352244 0.00600516
0.399395 0.00211223
0.466966 0.0123944
0.579515 0.168572
0.593172 0.112689
0.624793 0.0960238
0.90219 0.000599792
0.944028 0.172687
