30
100
10
0.991664 0.142863
0.72582 0.418649
0.940386 0.616672
0.999998 0.711416
0.991693 0.879401
0.982904 0.955995
0.875998 0.918148
0.880494 0.795195
0.701625 0.701829
0.676068 0.703525
0.515219 0.962346
0.339315 0.880873
0.164842 0.911923
0.0767251 0.694715
0.123639 0.583303
0.294719 0.661473
0.214061 0.305283
0.183324 0.277623
0.157024 0.259326
0.00979137 0.290786
0.106204 0.0711985
0.140441 0.0978686
0.192328 0.0974106
0.279136 0.206104
0.516059 0.391217
0.597321 0.219809
0.617468 0.175017
0.641858 0.0173107
0.668858 0.0596873
0.992615 0.123637
