50
100
10
0.609825 0.951354
0.651377 0.898578
0.630565 0.826786
0.555083 0.726856
0.653606 0.628537
0.555646 0.564587
0.486966 0.483818
0.439279 0.421709
0.410942 0.515987
0.367506 0.537009
0.246436 0.608877
0.249937 0.732232
0.308504 0.913835
0.296544 0.999573
0.287071 0.957354
0.196015 0.813453
0.219443 0.760935
0.171211 0.654856
0.142694 0.558489
0.0206743 0.626708
0.0538875 0.485806
0.0038709 0.192154
0.205852 0.207023
0.26863 0.218303
0.311554 0.081217
0.424181 0.195406
0.463165 0.259739
0.498222 0.244102
0.560294 0.279919
0.639542 0.151203
0.621821 0.104627
0.692829 0.102707
0.728361 0.0764763
0.751171 0.0916648
0.767973 0.0545309
0.808095 0.119484
0.828497 0.199849
0.953483 0.175352
0.968365 0.215327
0.94897 0.394994
0.908612 0.432984
0.826359 0.355234
0.773174 0.319554
0.785315 0.431617
0.823158 0.670467
0.933879 0.682608
0.987056 0.663346
0.947558 0.828924
0.738228 0.850618
0.701628 0.927109
