50
100
10
0.0498043 0.547742
0.00944473 0.696805
0.105967 0.69353
0.22597 0.79236
0.287281 0.749299
0.235077 0.681057
0.29358 0.565089
0.212728 0.456403
0.156005 0.437119
0.244381 0.409162
0.267699 0.401794
0.359358 0.40359
0.45745 0.437439
0.476612 0.494162
0.469338 0.508417
0.425566 0.487521
0.422437 0.534764
0.48589 0.560822
0.615538 0.665114
0.532947 0.784506
0.466784 0.792336
0.51944 0.816808
0.564989 0.839633
0.538725 0.934062
0.666449 0.989073
0.75679 0.966562
0.821986 0.976841
0.652792 0.83553
0.731485 0.744509
0.7512 0.756619
0.75087 0.772629
0.841028 0.763821
0.945719 0.677261
0.98962 0.684276
0.951332 0.253826
0.956024 0.233783
0.931601 0.0581654
0.742198 0.28935
0.730732 0.502776
0.543176 0.399547
0.426561 0.208776
0.400455 0.0402634
0.365775 0.0726582
0.308779 0.0508797
0.257716 0.00395214
0.281434 0.0823217
0.258619 0.195968
0.252752 0.233001
0.0828507 0.263679
0.0176466 0.331938
