50
100
10
0.586549 0.296616
0.659551 0.140964
0.582637 0.095114
0.482646 0.114089
0.3864 0.303681
0.319963 0.157975
0.222789 0.174378
0.14406 0.080003
0.139077 0.0049373
0.0655876 0.103576
0.0485016 0.216387
0.0560937 0.258812
0.0384387 0.359518
0.220967 0.342989
0.174673 0.506856
0.19034 0.523942
0.138163 0.62281
0.062423 0.686758
0.00486518 0.898118
0.136099 0.862234
0.188887 0.765612
0.314741 0.926173
0.407969 0.888821
0.419585 0.901289
0.465792 0.816446
0.454633 0.786701
0.427552 0.733489
0.400301 0.621076
0.388422 0.553879
0.511631 0.620793
0.558816 0.541645
0.633673 0.527499
0.675329 0.485173
0.804967 0.546132
0.788835 0.749157
0.760352 0.803611
0.639445 0.969682
0.873183 0.900053
0.943904 0.720403
0.898725 0.621268
0.924757 0.45161
0.996977 0.351463
0.964065 0.353357
0.951054 0.320298
0.907972 0.261336
0.815826 0.327051
0.754793 0.234809
0.738053 0.306623
0.698053 0.364217
0.599262 0.324828
