30
100
10
0.247443 0.828694
0.140442 0.741249
0.382225 0.792338
0.529873 0.789702
0.522883 0.624598
0.341925 0.507124
0.209215 0.354915
0.164489 0.28895
0.025618 0.0609855
0.398727 0.0936126
0.517923 0.320108
0.625104 0.428924
0.682891 0.417277
0.690885 0.376968
0.731884 0.259568
0.657831 0.0915641
0.899051 0.0919763
0.936048 0.399601
0.995957 0.496895
0.923733 0.528017
0.869444 0.691242
0.896497 0.685864
0.974814 0.708509
0.920258 0.933862
0.881678 0.967029
0.601737 0.9001
0.478262 0.898547
0.410979 0.905274
0.287137 0.932005
0.236526 0.860487
