30
100
10
0.203606 0.617679
0.212449 0.576873
0.458947 0.484734
0.471889 0.503427
0.53626 0.552563
0.468276 0.585972
0.511854 0.71951
0.97083 0.878482
0.867036 0.675496
0.934262 0.520037
0.946556 0.474532
0.938272 0.455156
0.853513 0.365143
0.807886 0.347602
0.822134 0.0111388
0.6226 0.0296574
0.662599 0.241669
0.549208 0.35243
0.230913 0.146711
0.200494 0.064474
0.121106 0.0392919
0.0969099 0.0844253
0.172256 0.262776
0.0996223 0.274822
0.00341949 0.704505
0.00771926 0.754442
0.114083 0.833723
0.334051 0.907264
0.321869 0.748767
0.252808 0.659441
