30
100
10
0.739913 0.554646
0.806937 0.55119
0.943221 0.505167
0.975169 0.452418
0.874457 0.396539
0.879315 0.372193
0.823967 0.250454
0.755621 0.170393
0.602598 0.216957
0.594633 0.370148
0.574725 0.424239
0.480333 0.235233
0.48093 0.0837946
0.135889 0.175393
0.0141799 0.0399395
0.00190676 0.319811
0.29301 0.355387
0.355968 0.330347
0.316529 0.427205
0.364026 0.509167
0.409581 0.588779
0.327803 0.726264
0.241788 0.739212
0.313537 0.830411
0.19163 0.930402
0.370286 0.958659
0.589602 0.741819
0.760812 0.767189
0.942223 0.961142
0.946872 0.739936
