50
100
10
0.572358 0.428726
0.591521 0.265172
0.566492 0.227461
0.571498 0.208185
0.625894 0.0898751
0.70552 0.159885
0.794552 0.0841916
0.84656 0.135225
0.888176 0.171093
0.997235 0.197392
0.86072 0.245595
0.919313 0.2851
0.99485 0.403029
0.998451 0.769858
0.987551 0.804587
0.971866 0.785416
0.751614 0.741959
0.743508 0.772451
0.7632 0.863124
0.79176 0.946666
0.64489 0.964578
0.490548 0.987173
0.542309 0.900102
0.56841 0.699167
0.395652 0.654141
0.267015 0.593669
0.293306 0.705132
0.274505 0.760996
0.261 0.798301
0.213066 0.762181
0.136723 0.892354
0.0986882 0.886894
0.0065907 0.84141
0.0713646 0.624832
0.0724044 0.622489
0.148488 0.583903
0.0273528 0.4781
0.145696 0.320712
0.200093 0.322888
0.084286 0.186236
0.0627456 0.00106162
0.162122 0.00712814
0.29806 0.0959228
0.325862 0.0658454
0.444985 0.13411
0.509383 0.0882692
0.538254 0.152287
0.523536 0.236621
0.493981 0.252891
0.468874 0.282419
