30
100
10
0.14156 0.210223
0.247185 0.000753729
0.447138 0.0364838
0.577605 0.0429988
0.55942 0.152278
0.679669 0.139424
0.748379 0.193129
0.751892 0.1253
0.814269 0.101199
0.798237 0.0254616
0.910721 0.0553238
0.879209 0.268959
0.821821 0.443206
0.736652 0.614329
0.653429 0.658907
0.759913 0.675599
0.953488 0.611352
0.956448 0.655211
0.931683 0.8973
0.748186 0.963381
0.456477 0.920618
0.222215 0.778011
0.0187046 0.955694
0.036724 0.70538
0.302266 0.597869
0.534947 0.546616
0.398435 0.413779
0.256776 0.26589
0.21859 0.29486
0.182976 0.298277
