30
100
10
0.85653 0.88638
0.630247 0.803779
0.627223 0.656255
0.550044 0.66156
0.498653 0.631729
0.460034 0.388144
0.516185 0.353646
0.619082 0.457892
0.785276 0.518605
0.811538 0.62214
0.930738 0.561181
0.994936 0.611263
0.968561 0.391804
0.990684 0.121583
0.799725 0.213936
0.532021 0.0440477
0.371931 0.111188
0.268068 0.0773459
0.231576 0.135267
0.0615571 0.00987417
0.0238799 0.0134164
0.085578 0.15423
0.0291595 0.22402
0.100316 0.25747
0.287828 0.355061
0.0198729 0.674088
0.0533635 0.809156
0.146607 0.955004
0.390564 0.859669
0.612531 0.958687
