30
100
10
0.701608 0.959916
0.581601 0.933519
0.414054 0.868286
0.250809 0.840945
0.135344 0.879772
0.159255 0.762628
0.260654 0.760908
0.349994 0.7066
0.427854 0.729917
0.380413 0.589491
0.384224 0.520892
0.247131 0.514991
0.213026 0.515757
0.100936 0.481709
0.100403 0.428744
0.277383 0.326769
0.286685 0.313612
0.308669 0.34105
0.479586 0.435064
0.459469 0.205526
0.469263 0.113898
0.702861 0.183112
0.932303 0.467724
0.720517 0.450397
0.638189 0.488912
0.672024 0.586051
0.874806 0.812077
0.966139 0.890783
0.900872 0.912097
0.834025 0.978991
