50
100
10
0.144607 0.29771
0.187868 0.390675
0.126197 0.443921
0.271795 0.497126
0.25784 0.513646
0.244801 0.530225
0.240767 0.5526
0.0399931 0.602512
0.0234209 0.681078
0.124999 0.708614
0.164285 0.849066
0.285899 0.936055
0.291777 0.916223
0.429869 0.753843
0.536471 0.679821
0.580576 0.63406
0.688476 0.727086
0.664261 0.760714
0.661197 0.825378
0.629959 0.871962
0.577258 0.948881
0.662722 0.991228
0.772437 0.954499
0.802952 0.938137
0.792074 0.927799
0.779929 0.90624
0.739931 0.850092
0.773556 0.794651
0.750296 0.754958
0.805105 0.630311
0.781241 0.536187
0.977531 0.600679
0.981406 0.549616
0.883764 0.432911
0.894431 0.283086
0.901644 0.187143
0.907451 0.0512616
0.810099 0.158014
0.760526 0.237433
0.731083 0.149617
0.595481 0.0406037
0.497502 0.154436
0.504115 0.33732
0.351135 0.358048
0.27425 0.30702
0.278825 0.171698
0.227747 0.0453507
0.00452838 0.111661
0.0360754 0.160134
0.165232 0.245296
