30
100
10
0.847943 0.825316
0.772267 0.873374
0.766406 0.867534
0.652654 0.453945
0.445951 0.529292
0.448416 0.668967
0.247071 0.83236
0.170089 0.900816
0.128152 0.993072
0.0629415 0.57131
0.0585109 0.51874
0.0660159 0.455345
0.0585186 0.320172
0.125084 0.288789
0.130107 0.212357
0.122912 0.151612
0.0265281 0.10107
0.0597628 0.0389121
0.372841 0.0195988
0.389859 0.0966831
0.396826 0.101724
0.421896 0.194168
0.601253 0.108992
0.681349 0.30479
0.780682 0.162126
0.975971 0.266082
0.837391 0.432604
0.973771 0.629069
0.971618 0.853659
0.970057 0.950771
