30
100
10
0.358672 0.82961
0.284649 0.846394
0.288309 0.870073
0.00793979 0.866387
0.0947494 0.752207
0.0867966 0.707296
0.0408396 0.622948
0.0725475 0.572958
0.268025 0.684854
0.273142 0.65594
0.455621 0.562638
0.352356 0.330399
0.108997 0.367729
0.146539 0.298944
0.122292 0.103674
0.392765 0.135104
0.510785 0.102689
0.536151 0.167482
0.511401 0.242937
0.751318 0.148665
0.886378 0.109233
0.879145 0.31342
0.874778 0.559654
0.787543 0.72759
0.820918 0.931607
0.732552 0.991075
0.716467 0.951692
0.618594 0.77881
0.518814 0.729408
0.479065 0.854845
