30
100
10
0.903155 0.327839
0.722971 0.414176
0.639152 0.420728
0.652951 0.455676
0.604722 0.557774
0.66934 0.955186
0.591769 0.906238
0.260961 0.981236
0.172046 0.993794
0.0581423 0.879556
0.0533556 0.823995
0.218957 0.87951
0.371405 0.649535
0.430578 0.609099
0.472185 0.536254
0.537404 0.449731
0.362586 0.292491
0.354643 0.302242
0.244173 0.297205
0.0940284 0.404309
0.094225 0.392576
0.0528928 0.260374
0.0691645 0.102602
0.143348 0.0769068
0.171045 0.102739
0.24213 0.0590983
0.364926 0.0742
0.488609 0.0407456
0.785527 0.234842
0.863906 0.147118
