30
100
10
0.479689 0.627395
0.41085 0.613546
0.420388 0.386517
0.409597 0.359521
0.563825 0.277544
0.578562 0.342416
0.625184 0.435793
0.665546 0.374366
0.737735 0.370685
0.835738 0.605535
0.88308 0.668859
0.857157 0.544606
0.931123 0.399562
0.807955 0.221409
0.865026 0.11247
0.770248 0.0352311
0.734336 0.112684
0.516934 0.0452607
0.286302 0.251044
0.232339 0.133118
0.184685 0.151777
0.198289 0.196603
0.157731 0.268611
0.0703216 0.381959
0.0236575 0.527243
0.0888124 0.543078
0.240941 0.613982
0.152151 0.956326
0.381642 0.89054
0.548477 0.820447
