30
100
10
0.138811 0.269363
0.295506 0.257962
0.509051 0.249273
0.635337 0.372135
0.510969 0.458688
0.433262 0.516999
0.442676 0.584656
0.330671 0.620011
0.145919 0.558305
0.0742478 0.849851
0.39405 0.891118
0.725097 0.992052
0.782183 0.815522
0.812013 0.778468
0.81687 0.785486
0.939656 0.949639
0.978085 0.845111
0.934438 0.776886
0.973881 0.381351
0.923296 0.36893
0.8723 0.257691
0.855173 0.142039
0.78077 0.277436
0.704456 0.235162
0.736229 0.189654
0.646675 0.124687
0.554317 0.0611266
0.506963 0.1198
0.46709 0.158359
0.207601 0.0351266
