30
100
10
0.519302 0.0659258
0.35584 0.0701019
0.327538 0.18892
0.000811013 0.0372078
0.138334 0.39303
0.136028 0.456506
0.195357 0.382468
0.24679 0.453902
0.236781 0.51798
0.307674 0.522895
0.275976 0.566538
0.357566 0.62882
0.392219 0.702482
0.334274 0.674131
0.317874 0.680728
0.0481938 0.633542
0.137233 0.868937
0.208965 0.964535
0.622147 0.938317
0.586427 0.875142
0.654393 0.759017
0.713952 0.626174
0.88913 0.700895
0.97178 0.808169
0.888298 0.448885
0.870078 0.371648
0.73969 0.347299
0.565249 0.269397
0.571389 0.195972
0.567186 0.069792
