30
100
10
0.335727 0.43255
0.228712 0.576509
0.0496308 0.54017
0.0289484 0.549428
0.00762233 0.664078
0.0630084 0.862693
0.289629 0.912692
0.338439 0.86212
0.343902 0.706496
0.511222 0.740201
0.552371 0.904212
0.628222 0.982598
0.747626 0.942454
0.863061 0.923202
0.927322 0.910102
0.925845 0.861558
0.981683 0.816348
0.823372 0.767554
0.724814 0.694874
0.969518 0.587037
0.947248 0.401448
0.738233 0.510756
0.526966 0.514698
0.463372 0.329124
0.3963 0.343134
0.372314 0.236334
0.233336 0.0250248
0.0977028 0.0157431
0.0394948 0.185011
0.240587 0.341833
