30
100
10
0.626064 0.609101
0.565596 0.656507
0.46457 0.814179
0.372025 0.843549
0.285342 0.814404
0.265608 0.794861
0.12705 0.799283
0.352982 0.93778
0.369852 0.955138
0.376566 0.919421
0.490568 0.855122
0.594144 0.900429
0.66382 0.819337
0.669301 0.746418
0.935623 0.997808
0.85024 0.776945
0.963939 0.592907
0.874559 0.333121
0.878708 0.328811
0.898237 0.135759
0.530699 0.0198612
0.484712 0.158817
0.248808 0.073742
0.310149 0.19166
0.350477 0.392658
0.40652 0.320473
0.549952 0.336581
0.565755 0.405258
0.72076 0.347562
0.729239 0.529767
