50
100
10
0.106792 0.486037
0.000239622 0.425814
0.0458454 0.354338
0.118296 0.38454
0.15769 0.362508
0.189567 0.340503
0.0342215 0.223935
0.0680363 0.179058
0.0325226 0.105075
0.17645 0.146676
0.328287 0.178948
0.346343 0.405888
0.407611 0.370829
0.435527 0.405201
0.515053 0.481372
0.595887 0.477946
0.657312 0.461673
0.759538 0.342718
0.760497 0.341687
0.744794 0.284492
0.827664 0.114515
0.859882 0.0990298
0.902499 0.06467
0.995344 0.0560629
0.924505 0.281673
0.837573 0.489135
0.852557 0.52507
0.87879 0.620792
0.920206 0.691504
0.906764 0.723143
0.768501 0.656623
0.628048 0.679745
0.785434 0.944874
0.718408 0.985569
0.583061 0.953279
0.6241 0.895165
0.461951 0.793019
0.447573 0.791911
0.385822 0.690491
0.3843 0.675016
0.431225 0.561997
0.402883 0.588915
0.23371 0.699842
0.209707 0.827004
0.196181 0.933493
0.0177041 0.9859
0.0309936 0.930673
0.109731 0.712438
0.18588 0.575389
0.10083 0.565869
