30
100
10
0.737495 0.170906
0.650217 0.0426681
0.647251 0.0624936
0.629681 0.205508
0.491931 0.311441
0.398152 0.368494
0.20818 0.2102
0.141449 0.0867139
0.121348 0.0478601
0.0835918 0.221267
0.073871 0.396752
0.0841605 0.474377
0.193214 0.415514
0.379963 0.552363
0.44205 0.587439
0.305174 0.681441
0.398155 0.761
0.415708 0.82741
0.347717 0.825486
0.292316 0.901231
0.471959 0.939567
0.522237 0.837861
0.601731 0.767982
0.620443 0.884521
0.963724 0.851922
0.677408 0.633379
0.816012 0.360348
0.81065 0.250498
0.852347 0.251949
0.854646 0.214167
