30
100
10
0.177504 0.345208
0.0101619 0.305407
0.00152863 0.391041
0.0526129 0.607459
0.102345 0.670655
0.0130804 0.928497
0.244019 0.728828
0.414637 0.897446
0.492928 0.947538
0.537361 0.938613
0.524022 0.885468
0.590624 0.885414
0.83118 0.906658
0.866303 0.717172
0.861046 0.638608
0.569453 0.576635
0.475461 0.539334
0.378085 0.521095
0.302535 0.555589
0.230883 0.547523
0.399483 0.470006
0.453035 0.470828
0.529343 0.45167
0.638826 0.346364
0.604525 0.295908
0.497945 0.0913024
0.385586 0.128332
0.356125 0.117782
0.292326 0.302386
0.253022 0.401011
