30
100
10
0.112109 0.603133
0.158278 0.743598
0.0324194 0.768708
0.103297 0.905373
0.392715 0.80696
0.307243 0.70578
0.331681 0.579588
0.474558 0.478978
0.521188 0.426308
0.608196 0.464107
0.719444 0.502911
0.746115 0.624485
0.681412 0.637351
0.681721 0.749107
0.704972 0.877723
0.774541 0.839488
0.960963 0.92823
0.927158 0.795297
0.833474 0.682758
0.878525 0.464485
0.796962 0.0570813
0.330108 0.221378
0.374099 0.101824
0.320462 0.0832401
0.246509 0.0254341
0.113885 0.116311
0.0283531 0.225994
0.0713916 0.375341
0.244007 0.340956
0.182301 0.405158
