50
100
10
0.216053 0.956359
0.109275 0.960651
0.0198002 0.920528
0.0521907 0.802147
0.0957581 0.759137
0.0430616 0.687068
0.167585 0.718859
0.185556 0.630983
0.26885 0.649628
0.371132 0.637591
0.466593 0.472047
0.564428 0.456421
0.516961 0.411584
0.561285 0.310935
0.442983 0.327463
0.373667 0.321041
0.185816 0.424622
0.0682079 0.397829
0.0754906 0.243458
0.170107 0.112575
0.255994 0.119132
0.27952 0.179202
0.451776 0.0183603
0.46899 0.0130603
0.501662 0.0906806
0.644693 0.050091
0.702116 0.173219
0.844524 0.014382
0.849018 0.12066
0.937268 0.147949
0.944991 0.324202
0.957624 0.359285
0.956331 0.430617
0.954847 0.617528
0.928867 0.584449
0.776865 0.45682
0.801513 0.577983
0.79625 0.592452
0.655043 0.725117
0.650651 0.772278
0.757669 0.888367
0.728965 0.975098
0.702811 0.988015
0.618998 0.866943
0.524159 0.839311
0.510267 0.931531
0.508959 0.942097
0.3561 0.93457
0.329295 0.840122
0.176901 0.840598
