30
100
10
0.28424 0.617718
0.153091 0.776613
0.114431 0.909203
0.326409 0.855326
0.357568 0.878591
0.584689 0.760054
0.82432 0.89736
0.918372 0.772878
0.859445 0.695297
0.941062 0.458317
0.886955 0.267522
0.703989 0.284969
0.633997 0.31125
0.685817 0.276834
0.726561 0.181008
0.818339 0.08093
0.908989 0.0586671
0.872596 0.00259145
0.786308 0.0557643
0.728999 0.0303978
0.526777 0.0209125
0.475814 0.0162789
0.168236 0.00831264
0.140295 0.0865665
0.0497589 0.191658
0.20861 0.109299
0.38988 0.259255
0.439459 0.59469
0.46663 0.648069
0.335096 0.595761
