30
100
10
0.709652 0.735202
0.58397 0.78257
0.565811 0.93344
0.508105 0.97946
0.128386 0.946741
0.0560361 0.959978
0.137009 0.84414
0.308713 0.605833
0.48119 0.559212
0.500576 0.435088
0.313061 0.437046
0.0206575 0.39409
0.0383473 0.319602
0.173768 0.25245
0.244342 0.180974
0.208889 0.0739166
0.263253 0.0668871
0.35757 0.0699489
0.433412 0.159741
0.50946 0.0393217
0.597005 0.0407189
0.611799 0.0303713
0.607307 0.0846014
0.896181 0.0612281
0.823289 0.28269
0.79643 0.364749
0.9129 0.337276
0.896487 0.530117
0.93647 0.73868
0.93939 0.920524
