30
100
10
0.335985 0.257336
0.446932 0.274264
0.515487 0.400055
0.539743 0.417705
0.648719 0.390233
0.562294 0.0924837
0.510189 0.00543479
0.643547 0.0532615
0.921372 0.102037
0.996724 0.452046
0.993647 0.484644
0.868034 0.62675
0.892603 0.741839
0.985272 0.797904
0.974792 0.940386
0.849451 0.916587
0.748192 0.814586
0.788206 0.72696
0.584012 0.699192
0.537774 0.637657
0.290765 0.739388
0.273089 0.800954
0.29923 0.877875
0.0642905 0.741165
0.0377114 0.618339
0.111562 0.196672
0.0840628 0.171052
0.118475 0.0434975
0.267868 0.147542
0.325942 0.108285
