30
100
10
0.541414 0.134927
0.660744 0.247369
0.682169 0.269659
0.707381 0.100327
0.968137 0.167346
0.997251 0.181557
0.977899 0.295062
0.884258 0.342912
0.990784 0.416109
0.996417 0.696497
0.711171 0.524377
0.686996 0.480584
0.558488 0.359881
0.517028 0.389574
0.459966 0.586669
0.365486 0.607677
0.459385 0.842972
0.505316 0.789979
0.639034 0.867004
0.512447 0.96282
0.485053 0.968684
0.132891 0.882514
0.0393245 0.713485
0.0565193 0.484253
0.0136327 0.279736
0.0486659 0.222202
0.130167 0.146382
0.104716 0.0108836
0.238543 0.000799653
0.461293 0.101133
