50
100
10
0.907357 0.081449
0.778367 0.0352043
0.698404 0.0717334
0.652648 0.210768
0.45139 0.101994
0.290321 0.0305244
0.249603 0.187775
0.218299 0.148976
0.11076 0.0934218
0.0665459 0.242554
0.118666 0.25732
0.163721 0.374399
0.0336969 0.383645
0.0301589 0.487193
0.12828 0.48429
0.14849 0.570426
0.165346 0.577418
0.232757 0.537337
0.240362 0.486496
0.350932 0.444535
0.373616 0.415764
0.360616 0.539924
0.282105 0.593296
0.323179 0.6642
0.329053 0.689617
0.137198 0.924127
0.24417 0.977571
0.456732 0.747551
0.527002 0.812517
0.544775 0.914035
0.589262 0.865963
0.653673 0.80319
0.641363 0.752984
0.726393 0.732101
0.694013 0.802162
0.790162 0.87412
0.919374 0.989473
0.960461 0.928816
0.91125 0.81707
0.916538 0.556047
0.845133 0.496619
0.78836 0.493773
0.736644 0.451459
0.721751 0.430595
0.906387 0.333832
0.947412 0.301864
0.833782 0.270292
0.813366 0.229757
0.789058 0.204631
0.852275 0.142419
