30
100
10
0.696276 0.153614
0.610119 0.191724
0.546293 0.429021
0.561036 0.442788
0.566209 0.508377
0.536597 0.548344
0.434785 0.547271
0.356513 0.28016
0.449835 0.198994
0.412344 0.127245
0.407405 0.0857155
0.0625631 0.0137016
0.0714553 0.189525
0.0741449 0.292558
0.0773131 0.294886
0.0606605 0.678425
0.128236 0.892489
0.134551 0.923699
0.286205 0.747353
0.349952 0.830827
0.48661 0.949335
0.62776 0.88462
0.66313 0.687432
0.746265 0.699215
0.906191 0.864
0.944934 0.832303
0.951165 0.768857
0.818344 0.594487
0.976955 0.370237
0.887045 0.190799
