30
100
10
0.145552 0.246787
0.251524 0.0329751
0.619265 0.0338511
0.682238 0.225267
0.701631 0.1588
0.904677 0.0276666
0.916325 0.270064
0.949319 0.440042
0.882114 0.54308
0.789868 0.584477
0.797728 0.448499
0.704814 0.416089
0.572176 0.376092
0.409284 0.325539
0.360848 0.301535
0.343153 0.41425
0.331344 0.463947
0.381673 0.535075
0.503807 0.660174
0.566216 0.720334
0.622746 0.87079
0.6798 0.921652
0.650175 0.987699
0.426773 0.802433
0.392382 0.868751
0.242475 0.98146
0.203027 0.926938
0.108673 0.927064
0.0668262 0.825773
0.0218682 0.813488
