30
100
10
0.0770486 0.203937
0.0715863 0.459829
0.10701 0.445465
0.194571 0.565269
0.226251 0.708115
0.167943 0.701362
0.0140252 0.780337
0.0856506 0.858539
0.453445 0.930981
0.332983 0.605105
0.374178 0.50984
0.410067 0.46747
0.621282 0.541742
0.661317 0.727101
0.765503 0.815854
0.78149 0.867649
0.865405 0.888501
0.853951 0.69412
0.902942 0.59851
0.869282 0.304511
0.841984 0.143871
0.755147 0.176293
0.711318 0.0713835
0.679961 0.0495516
0.462527 0.031962
0.430566 0.140623
0.364491 0.148934
0.368379 0.297837
0.24093 0.270772
0.175833 0.233773
