30
100
10
0.323556 0.36871
0.270139 0.374943
0.323723 0.475952
0.269501 0.701271
0.318252 0.737536
0.313304 0.858285
0.156611 0.952307
0.0441437 0.427693
0.147181 0.301455
0.171288 0.218129
0.00466612 0.0222683
0.249992 0.145958
0.29522 0.16163
0.424232 0.121419
0.438577 0.0709614
0.609668 0.148859
0.644602 0.0408688
0.979703 0.016964
0.95013 0.100123
0.81218 0.151847
0.85013 0.278274
0.657127 0.412004
0.698712 0.443471
0.784081 0.593862
0.981561 0.84139
0.850895 0.940692
0.839697 0.879169
0.663772 0.632234
0.54617 0.495497
0.430443 0.428111
