30
100
10
0.0142298 0.509407
0.0732695 0.379975
0.0767204 0.364209
0.0427755 0.178172
0.121828 0.0210622
0.316972 0.215881
0.427444 0.416132
0.51177 0.4409
0.563592 0.451046
0.589564 0.374347
0.577184 0.246013
0.593618 0.158763
0.610223 0.145252
0.900894 0.1388
0.988781 0.129393
0.764124 0.282192
0.666402 0.378066
0.857133 0.653905
0.994631 0.73053
0.826568 0.747481
0.818965 0.943669
0.66817 0.78124
0.565802 0.625674
0.396916 0.619923
0.308865 0.607848
0.36763 0.6628
0.375429 0.72774
0.472375 0.759782
0.288118 0.93566
0.134074 0.7729
