50
100
10
0.677156 0.0368456
0.664262 0.279598
0.592873 0.363976
0.514325 0.283033
0.517249 0.272273
0.339584 0.150432
0.345228 0.132245
0.339775 0.0650459
0.313636 0.0588513
0.275505 0.167285
0.192818 0.107198
0.0116038 0.204647
0.0792611 0.216654
0.180686 0.304578
0.281118 0.274742
0.291361 0.360302
0.297112 0.377743
0.234822 0.391156
0.149314 0.529004
0.0856268 0.491512
0.0494845 0.494541
0.0527193 0.808212
0.00163947 0.879359
0.00436031 0.944121
0.184925 0.897162
0.253499 0.882199
0.304289 0.933137
0.386796 0.986784
0.409909 0.961437
0.483558 0.816105
0.442027 0.814483
0.438177 0.746154
0.409792 0.756417
0.309024 0.746876
0.40606 0.619937
0.472407 0.588811
0.665169 0.556623
0.619832 0.67577
0.647009 0.857079
0.661249 0.848072
0.878746 0.916388
0.841408 0.672853
0.966804 0.631436
0.922125 0.567481
0.76749 0.397191
0.757493 0.392897
0.798588 0.346867
0.880417 0.376713
0.958637 0.222266
0.930905 0.156947
