50
100
10
0.774029 0.510757
0.785513 0.496965
0.771011 0.333334
0.845051 0.340098
0.955463 0.249549
0.629435 0.0528594
0.582882 0.0551099
0.477109 0.0823668
0.421143 0.128916
0.429955 0.0672278
0.335029 0.0172398
0.0564919 0.122588
0.108853 0.34355
0.0182297 0.415208
0.0161894 0.428848
0.0661774 0.48979
0.0670528 0.506815
0.126116 0.547069
0.164108 0.598096
0.134221 0.609825
0.0610663 0.737668
0.0103745 0.859098
0.0433318 0.899567
0.0250677 0.993243
0.356063 0.99895
0.199644 0.905447
0.224481 0.859158
0.202709 0.838064
0.177091 0.795888
0.21305 0.690502
0.321899 0.76332
0.429912 0.670277
0.480891 0.644432
0.483709 0.513998
0.397962 0.441963
0.453821 0.398683
0.564538 0.423031
0.608155 0.521543
0.668767 0.626385
0.603447 0.712074
0.644739 0.786018
0.702253 0.870487
0.821858 0.848851
0.840148 0.988222
0.922408 0.938137
0.936751 0.832875
0.852401 0.726474
0.784109 0.691091
0.918638 0.603225
0.790528 0.534949
