30
100
10
0.367864 0.599233
0.374887 0.413552
0.212719 0.346352
0.0798973 0.340031
0.205378 0.212881
0.361742 0.113722
0.437333 0.0285348
0.553147 0.160822
0.86186 0.367739
0.683334 0.4859
0.738835 0.607647
0.859079 0.626865
0.948638 0.811193
0.972168 0.8381
0.589991 0.725167
0.554446 0.734623
0.483014 0.977205
0.391439 0.977502
0.344906 0.760363
0.301743 0.718042
0.262328 0.71169
0.207216 0.701038
0.151224 0.650052
0.115345 0.674093
0.0418327 0.759028
0.0228331 0.722651
0.0211989 0.56712
0.244928 0.562158
0.276014 0.612785
0.326603 0.575645
