50
100
10
0.231701 0.108737
0.542588 0.167846
0.635562 0.345919
0.728845 0.228612
0.728909 0.154257
0.784123 0.105731
0.821311 0.102866
0.789085 0.127147
0.786715 0.229892
0.833308 0.244184
0.907663 0.268528
0.880276 0.336707
0.888268 0.358218
0.823361 0.315707
0.746516 0.526169
0.803939 0.647867
0.984574 0.953187
0.789946 0.993723
0.665811 0.896876
0.680108 0.831969
0.613222 0.770294
0.59305 0.831884
0.549992 0.939172
0.482634 0.760739
0.547467 0.610396
0.396584 0.636092
0.309508 0.71558
0.268553 0.679051
0.169064 0.684215
0.153459 0.789253
0.174928 0.810877
0.177803 0.997398
0.0907249 0.997462
0.0682571 0.894618
0.0978757 0.844951
0.109198 0.714625
0.0468182 0.611256
0.0965888 0.594285
0.0937165 0.453835
0.151775 0.436583
0.301792 0.361282
0.230012 0.293983
0.221652 0.326601
0.140779 0.340899
0.136565 0.33921
0.107066 0.292326
0.0860002 0.258841
0.0603437 0.242327
0.00860768 0.277344
0.009149 0.0936312
