50
100
10
0.563679 0.0246436
0.512754 0.0044926
0.419777 0.160031
0.275859 0.0204252
0.198858 0.0138439
0.22081 0.0388689
0.175649 0.194717
0.0540368 0.302942
0.0773123 0.366691
0.169017 0.383523
0.193903 0.414
0.221294 0.330283
0.318414 0.28164
0.407354 0.263474
0.488632 0.282426
0.433414 0.355189
0.463254 0.495981
0.539875 0.556828
0.544136 0.567763
0.555477 0.640991
0.39862 0.758596
0.393695 0.761079
0.376323 0.789001
0.302079 0.755017
0.276247 0.82134
0.176428 0.699667
0.151545 0.638062
0.124282 0.597617
0.0313533 0.742394
0.119284 0.950114
0.14419 0.903144
0.215142 0.906426
0.310613 0.95232
0.391335 0.975254
0.681756 0.85057
0.702413 0.88384
0.742551 0.833301
0.825832 0.809737
0.920269 0.814631
0.853258 0.583782
0.875072 0.451509
0.963141 0.397394
0.783303 0.31889
0.674921 0.345158
0.620729 0.369303
0.600529 0.337454
0.722658 0.200395
0.764227 0.17453
0.801022 0.113993
0.573228 0.101716
