50
100
10
0.50821 0.268824
0.50921 0.398705
0.358021 0.468723
0.229533 0.386773
0.160457 0.469597
0.154026 0.410429
0.0477957 0.349139
0.0939157 0.310784
0.0828818 0.124995
0.15684 0.0183899
0.31797 0.237879
0.423927 0.088833
0.529978 0.163237
0.717226 0.0804574
0.780449 0.0915655
0.932822 0.160754
0.970335 0.165832
0.764912 0.454628
0.834813 0.566996
0.908586 0.601248
0.956833 0.577953
0.90168 0.674704
0.733544 0.712387
0.799455 0.744777
0.839891 0.818867
0.801388 0.831107
0.666357 0.971248
0.655173 0.812179
0.615595 0.833485
0.556955 0.847794
0.545872 0.847251
0.385863 0.935013
0.286315 0.89589
0.181111 0.828245
0.182409 0.884559
0.158578 0.881502
0.129182 0.931427
0.0333322 0.991653
0.0377673 0.977374
0.00117235 0.576133
0.208999 0.582505
0.303507 0.636218
0.301878 0.650871
0.440705 0.726983
0.499262 0.674059
0.579623 0.558128
0.675495 0.53462
0.65841 0.432084
0.655027 0.346771
0.585386 0.351302
