50
100
10
0.124685 0.336045
0.108932 0.308085
0.00449621 0.103903
0.0484347 0.0638311
0.26535 0.014519
0.407014 0.130191
0.491373 0.043604
0.532156 0.0649939
0.501455 0.183288
0.424496 0.320915
0.465586 0.401351
0.521563 0.355893
0.585854 0.314149
0.56759 0.25771
0.571746 0.245979
0.632115 0.279653
0.848563 0.170395
0.893161 0.238176
0.841785 0.361761
0.869717 0.443824
0.909978 0.54225
0.939101 0.762535
0.964829 0.831338
0.913901 0.968811
0.813618 0.996018
0.615698 0.892734
0.660775 0.807156
0.696164 0.766277
0.77772 0.778369
0.781231 0.7568
0.717842 0.596944
0.679022 0.616521
0.660125 0.690348
0.533846 0.657156
0.44033 0.72752
0.353744 0.72669
0.404868 0.75013
0.440477 0.835198
0.391807 0.855199
0.451561 0.96204
0.391008 0.990323
0.2104 0.951861
0.0990022 0.864826
0.111503 0.744655
0.191091 0.661961
0.150443 0.610387
0.110991 0.499073
0.310973 0.444974
0.303042 0.386568
0.199406 0.335303
