50
100
10
0.255198 0.938797
0.289706 0.912471
0.284963 0.903401
0.324141 0.749567
0.513371 0.678292
0.487315 0.623639
0.6221 0.58313
0.590518 0.641174
0.615187 0.690272
0.489795 0.911939
0.495836 0.918242
0.592825 0.898371
0.630969 0.85277
0.739789 0.945671
0.922192 0.94617
0.962508 0.759069
0.992933 0.680354
0.976431 0.413376
0.9647 0.265454
0.958579 0.24987
0.95479 0.237287
0.987092 0.077904
0.990304 0.0564189
0.791606 0.282639
0.721374 0.267723
0.750226 0.213096
0.714469 0.15264
0.669248 0.187332
0.472863 0.0953295
0.425156 0.167967
0.452786 0.224401
0.399984 0.28897
0.327774 0.212652
0.273401 0.130989
0.325265 0.0599545
0.177739 0.0236271
0.0368974 0.04664
0.0497553 0.077833
0.0974462 0.277828
0.106765 0.332548
0.127803 0.371464
0.136751 0.419378
0.264813 0.339461
0.339615 0.417092
0.327678 0.526693
0.24797 0.633947
0.047323 0.737748
0.0410004 0.997021
0.171063 0.992718
0.176199 0.940452
