30
100
10
0.535838 0.423488
0.341627 0.345386
0.229817 0.331187
0.108943 0.125633
0.224631 0.0363051
0.333514 0.0494206
0.507015 0.12949
0.59753 0.113124
0.794135 0.0179653
0.831479 0.036523
0.838371 0.141578
0.887733 0.115721
0.999465 0.119308
0.827601 0.367838
0.793334 0.447464
0.704469 0.667645
0.778352 0.670169
0.793278 0.677614
0.849935 0.681011
0.821413 0.708292
0.774185 0.820877
0.846135 0.813412
0.982778 0.981499
0.635539 0.997272
0.593653 0.918139
0.426032 0.988128
0.483769 0.776912
0.271069 0.767659
0.181433 0.655048
0.437828 0.514948
