30
100
10
0.354822 0.73281
0.300552 0.715322
0.283278 0.958134
0.374499 0.918135
0.523458 0.941949
0.655619 0.866306
0.695874 0.550184
0.844255 0.659177
0.946263 0.767319
0.931333 0.691295
0.985927 0.551067
0.983893 0.532323
0.932208 0.144807
0.968104 0.0257592
0.808255 0.124874
0.701621 0.288249
0.615833 0.300212
0.552679 0.279657
0.491957 0.328405
0.311505 0.251382
0.304356 0.199398
0.11162 0.179076
0.013254 0.436756
0.0944265 0.62021
0.0675307 0.688447
0.175685 0.605322
0.246074 0.561436
0.235168 0.532331
0.220818 0.45024
0.453279 0.562096
