30
100
10
0.0658646 0.791335
0.0723066 0.718202
0.0916285 0.66721
0.130113 0.639761
0.0867258 0.601106
0.0715702 0.463987
0.0281351 0.40773
0.178533 0.349706
0.114047 0.312864
0.136542 0.257643
0.232658 0.130182
0.229197 0.235349
0.38771 0.334676
0.497528 0.347919
0.67953 0.302214
0.585055 0.142182
0.946253 0.0897993
0.98768 0.587352
0.889566 0.580178
0.847639 0.693459
0.860384 0.953252
0.787544 0.996927
0.720594 0.657362
0.573897 0.724447
0.48855 0.7205
0.515781 0.627641
0.44511 0.649019
0.390211 0.493384
0.227181 0.660623
0.210895 0.733797
