30
100
10
0.574895 0.430693
0.472286 0.455902
0.400519 0.435499
0.362367 0.665097
0.418727 0.827768
0.585296 0.746614
0.587681 0.990083
0.43744 0.948641
0.406215 0.931674
0.355482 0.970993
0.211933 0.99654
0.0361871 0.98111
0.0574257 0.632051
0.224176 0.5743
0.225836 0.359455
0.0786822 0.199879
0.298004 0.0990769
0.288834 0.0121907
0.426895 0.0886206
0.549609 0.0423007
0.45462 0.235753
0.62891 0.243065
0.661637 0.130041
0.809846 0.0151249
0.835235 0.11411
0.89231 0.218848
0.901876 0.256405
0.825276 0.442429
0.905866 0.723703
0.669894 0.461067
