30
100
10
0.94222 0.0849061
0.945312 0.159903
0.808259 0.24668
0.781876 0.231232
0.673535 0.253217
0.666904 0.413649
0.625613 0.434728
0.73363 0.49259
0.678209 0.804156
0.659049 0.852391
0.322623 0.80339
0.129854 0.808368
0.124515 0.787845
0.124789 0.588386
0.0732436 0.485227
0.060935 0.43758
0.0615852 0.383558
0.0353879 0.336945
0.19669 0.114824
0.254143 0.112712
0.289012 0.178795
0.24097 0.350597
0.263701 0.460085
0.309709 0.378933
0.548751 0.277463
0.611678 0.207799
0.610559 0.198029
0.572415 0.114022
0.643074 0.149806
0.701099 0.117969
