50
100
10
0.948638 0.603108
0.83536 0.572474
0.785249 0.581145
0.753727 0.653255
0.711226 0.579287
0.65787 0.464953
0.562081 0.482891
0.502784 0.440062
0.432842 0.355747
0.457702 0.335791
0.497668 0.356282
0.570498 0.321103
0.635836 0.25954
0.580643 0.200416
0.621322 0.182204
0.702747 0.206334
0.74633 0.279193
0.812657 0.358367
0.920822 0.210647
0.978105 0.160844
0.902248 0.135589
0.907137 0.00378395
0.704617 0.0547621
0.562617 0.019893
0.428478 0.0930744
0.336005 0.124698
0.305953 0.026716
0.0066219 0.174423
0.0586308 0.368564
0.0453568 0.455869
0.104057 0.621247
0.0352224 0.825431
0.189518 0.846491
0.285881 0.877317
0.232542 0.703227
0.301458 0.758533
0.356627 0.730645
0.388457 0.56656
0.519478 0.543782
0.545923 0.607411
0.569014 0.699432
0.462504 0.80723
0.43925 0.903641
0.571763 0.899035
0.647157 0.978871
0.709517 0.889556
0.745945 0.891241
0.864071 0.733479
0.984316 0.627944
0.98242 0.567979
