50
100
10
0.3154 0.367346
0.312261 0.377773
0.393536 0.403061
0.432132 0.405306
0.532447 0.488179
0.60593 0.496639
0.614403 0.595478
0.548861 0.60786
0.381594 0.651994
0.368105 0.680606
0.299012 0.949589
0.313625 0.960743
0.3206 0.942397
0.54032 0.899507
0.5417 0.89298
0.496234 0.835313
0.601584 0.75394
0.705258 0.697134
0.735515 0.757448
0.870614 0.832421
0.953078 0.606967
0.937328 0.599303
0.914531 0.471388
0.888586 0.415746
0.782056 0.413656
0.735874 0.335598
0.675706 0.192045
0.734014 0.160592
0.812473 0.201491
0.882059 0.123666
0.800984 0.112592
0.792487 0.0552678
0.794494 0.00289531
0.673674 0.0820196
0.506661 0.117764
0.385835 0.0549091
0.0641481 0.103763
0.0834166 0.128888
0.0930453 0.228157
0.010921 0.257928
0.0530054 0.297591
0.0532576 0.398817
0.0645068 0.395678
0.110294 0.475124
0.115487 0.567481
0.0951462 0.597923
0.155864 0.559686
0.225229 0.554813
0.204387 0.485525
0.202445 0.319874
