30
100
10
0.938932 0.519708
0.869122 0.506108
0.839157 0.600856
0.867873 0.913774
0.679446 0.981238
0.525209 0.772231
0.677795 0.701295
0.535533 0.55491
0.404269 0.474465
0.386678 0.74126
0.307499 0.762494
0.0752515 0.811075
0.0746178 0.584855
0.0576296 0.44744
0.0927849 0.40544
0.21605 0.426378
0.180586 0.393408
0.185711 0.335277
0.198609 0.312757
0.219729 0.189932
0.34669 0.246554
0.396825 0.0737873
0.467405 0.17901
0.543784 0.255853
0.643666 0.189048
0.636488 0.0746197
0.775083 0.17202
0.926079 0.127863
0.941953 0.397547
0.903655 0.421942
