50
100
10
0.272176 0.325078
0.432976 0.229413
0.396167 0.218525
0.159329 0.0246997
0.0597743 0.0197155
0.103537 0.395947
0.0175387 0.458197
0.070084 0.475378
0.178113 0.609337
0.302578 0.594624
0.253089 0.67685
0.130686 0.704373
0.00100415 0.68485
0.103809 0.801321
0.0987078 0.823626
0.122099 0.850074
0.113024 0.951243
0.289952 0.98882
0.297265 0.823639
0.360806 0.806825
0.337161 0.745006
0.410658 0.699663
0.482778 0.723358
0.46416 0.884573
0.500078 0.915478
0.581313 0.906631
0.650459 0.847265
0.7573 0.843634
0.866721 0.927466
0.812446 0.795079
0.761458 0.786234
0.674377 0.613102
0.759112 0.603453
0.846856 0.573904
0.87048 0.625833
0.975075 0.594846
0.864523 0.495164
0.77754 0.38866
0.929076 0.257378
0.918188 0.118106
0.786831 0.0183249
0.588946 0.0788836
0.530919 0.160431
0.629579 0.281922
0.614653 0.308459
0.59362 0.445836
0.549091 0.4271
0.482502 0.444963
0.401795 0.380451
0.375484 0.409571
