30
100
10
0.621583 0.521767
0.564945 0.408016
0.439316 0.302601
0.423973 0.244885
0.331173 0.217523
0.270384 0.191351
0.179892 0.0149042
0.250594 0.0113216
0.309285 0.0572801
0.590931 0.119731
0.701592 0.0455565
0.766652 0.130515
0.939911 0.157455
0.797796 0.205968
0.764414 0.260167
0.702109 0.380126
0.917339 0.420614
0.987498 0.610086
0.743704 0.711371
0.72948 0.704326
0.667289 0.84977
0.417622 0.799766
0.428923 0.752239
0.408873 0.707134
0.0702859 0.886605
0.00957329 0.718158
0.0397643 0.557561
0.142189 0.601557
0.151586 0.584629
0.433116 0.5415
