30
100
10
0.291007 0.816509
0.245427 0.81732
0.0709689 0.94224
0.121792 0.811185
0.15321 0.696191
0.0269956 0.594357
0.194946 0.642218
0.470832 0.543586
0.593952 0.594737
0.507376 0.406476
0.449943 0.428751
0.349378 0.202735
0.241771 0.185075
0.0949434 0.0674106
0.194208 0.0390358
0.396792 0.0299766
0.603768 0.251968
0.610621 0.275002
0.660633 0.191273
0.779812 0.0696566
0.795855 0.12179
0.894798 0.105553
0.814546 0.336701
0.801393 0.505068
0.847297 0.644888
0.712299 0.674737
0.714243 0.865438
0.522601 0.78847
0.409024 0.835723
0.326737 0.796095
