50
100
10
0.715431 0.585049
0.646387 0.525397
0.56525 0.645418
0.61875 0.746945
0.588936 0.845292
0.653075 0.920889
0.482614 0.867491
0.47935 0.951235
0.391967 0.943518
0.359991 0.890942
0.325002 0.904621
0.198905 0.957217
0.336334 0.840267
0.380363 0.793179
0.354768 0.745721
0.403075 0.729885
0.473452 0.739409
0.480276 0.738288
0.369895 0.58251
0.408328 0.468843
0.271718 0.420677
0.278556 0.514699
0.191174 0.583352
0.152983 0.648391
0.0395 0.733543
0.00969383 0.534754
0.0998962 0.535584
0.118106 0.414235
0.0195532 0.324806
0.0292491 0.124134
0.0874921 0.19369
0.325698 0.142679
0.384986 0.200868
0.557926 0.00521482
0.596467 0.0975265
0.570152 0.102682
0.577429 0.30123
0.62923 0.270285
0.743305 0.320483
0.786516 0.182232
0.788213 0.172536
0.843248 0.222655
0.933951 0.124335
0.973197 0.168576
0.93296 0.203164
0.964602 0.282305
0.858511 0.38935
0.946648 0.524603
0.965715 0.831708
0.772525 0.574729
