30
100
10
0.900094 0.716441
0.807242 0.703955
0.751537 0.561453
0.727519 0.507324
0.868526 0.494832
0.921457 0.479056
0.874392 0.349986
0.87367 0.269465
0.914429 0.0947157
0.868254 0.074053
0.703625 0.173494
0.52348 0.139968
0.399098 0.12114
0.231577 0.0700872
0.0687768 0.074699
0.1268 0.232687
0.198619 0.400881
0.070846 0.513548
0.13128 0.609694
0.153242 0.652224
0.218705 0.723032
0.221045 0.910137
0.280104 0.930878
0.281971 0.803583
0.332726 0.578017
0.452081 0.747386
0.540917 0.799693
0.626578 0.85118
0.582091 0.926132
0.925233 0.995325
