30
100
10
0.267455 0.536464
0.273397 0.624406
0.397004 0.609419
0.218508 0.996943
0.708349 0.99708
0.935027 0.669991
0.963929 0.602606
0.969676 0.509032
0.996144 0.311619
0.865164 0.386725
0.7821 0.38168
0.737264 0.561965
0.624385 0.540851
0.518914 0.502919
0.538989 0.469524
0.563427 0.401965
0.308562 0.326669
0.356993 0.214652
0.457171 0.218223
0.51787 0.196413
0.723684 0.0906625
0.401094 0.00317983
0.213816 0.0165005
0.189099 0.0948247
0.17291 0.106019
0.160871 0.142255
0.12252 0.262169
0.145435 0.300691
0.0338893 0.411223
0.07213 0.453941
