30
100
10
0.181007 0.984369
0.0392323 0.993187
0.124183 0.796759
0.254555 0.613878
0.288724 0.665769
0.459399 0.715302
0.534295 0.544299
0.528668 0.498631
0.564596 0.442435
0.550463 0.341112
0.497664 0.446173
0.372527 0.443177
0.344377 0.472659
0.321392 0.313195
0.136217 0.362956
0.17393 0.0942523
0.215871 0.108029
0.493047 0.0240605
0.983845 0.0100583
0.861587 0.177629
0.956818 0.320035
0.86099 0.502987
0.785855 0.543279
0.708489 0.664885
0.806817 0.780466
0.815532 0.842551
0.637532 0.772694
0.585183 0.818405
0.46914 0.920298
0.279647 0.959785
