30
100
10
0.0541103 0.538025
0.147969 0.57165
0.0775984 0.315594
0.00801734 0.271516
0.0290091 0.140177
0.0859156 0.0406988
0.329658 0.338502
0.434481 0.187049
0.559206 0.082395
0.708239 0.0165839
0.9405 0.202195
0.891226 0.34451
0.786692 0.449262
0.970802 0.613317
0.944032 0.655061
0.92685 0.689031
0.801775 0.66754
0.772521 0.720978
0.785303 0.86735
0.759357 0.87846
0.626051 0.945739
0.582103 0.887691
0.588234 0.847261
0.62042 0.757493
0.577186 0.601998
0.442838 0.906843
0.0966671 0.927042
0.0747397 0.856208
0.0625784 0.628438
0.0137647 0.595577
