50
100
10
0.36421 0.0125187
0.279367 0.0614853
0.277465 0.0692224
0.353045 0.0939834
0.342911 0.209136
0.327879 0.269278
0.270223 0.268786
0.24531 0.296687
0.188269 0.337262
0.271492 0.393333
0.249532 0.417035
0.129079 0.408482
0.0192533 0.412753
0.0885744 0.622279
0.0257114 0.753383
0.0226609 0.837176
0.183987 0.963822
0.228766 0.932961
0.171383 0.724526
0.137279 0.685143
0.18042 0.682098
0.270622 0.563211
0.384301 0.564261
0.438069 0.495977
0.432877 0.364759
0.54866 0.454992
0.577701 0.599621
0.511862 0.626456
0.489177 0.657768
0.38277 0.721227
0.415531 0.784931
0.475918 0.832392
0.474637 0.857068
0.479347 0.931728
0.459422 0.967068
0.661106 0.912706
0.85215 0.971284
0.901651 0.877673
0.991813 0.86634
0.952961 0.685271
0.935562 0.599371
0.81734 0.451042
0.697275 0.462118
0.66261 0.351093
0.78836 0.321225
0.901614 0.35359
0.896783 0.190637
0.829788 0.167007
0.716178 0.233895
0.593524 0.195061
