30
100
10
0.38805 0.855844
0.391651 0.74587
0.145505 0.814094
0.311479 0.682163
0.300343 0.45044
0.32272 0.420444
0.447092 0.410246
0.503218 0.399635
0.467061 0.350664
0.294113 0.267082
0.271597 0.28447
0.221442 0.212378
0.127721 0.228805
0.0894528 0.206881
0.0790668 0.218748
0.0290077 0.152061
0.0252602 0.04743
0.122925 0.115838
0.199002 0.0879645
0.544874 0.138485
0.588434 0.0562076
0.602502 0.0963407
0.726074 0.175256
0.649249 0.32935
0.739596 0.328576
0.870302 0.236412
0.932573 0.43817
0.80436 0.539279
0.942299 0.733939
0.788834 0.894869
