30
100
10
0.220344 0.174265
0.108647 0.182108
0.0252284 0.20661
0.136791 0.738716
0.110828 0.762975
0.189133 0.813519
0.330452 0.527852
0.282515 0.426158
0.250539 0.35743
0.330573 0.290672
0.392921 0.391474
0.488546 0.473821
0.531695 0.551407
0.596569 0.470884
0.737746 0.638915
0.855365 0.66594
0.896828 0.723373
0.967994 0.743449
0.845525 0.393342
0.868367 0.245438
0.919327 0.25543
0.954838 0.262686
0.920824 0.198939
0.845449 0.169866
0.73357 0.0202406
0.549584 0.0548481
0.47304 0.090587
0.53611 0.230888
0.358602 0.122076
0.310063 0.193982
