50
100
10
0.853383 0.63766
0.882856 0.63415
0.973952 0.541171
0.925442 0.452988
0.855306 0.505445
0.81863 0.429926
0.815366 0.379312
0.889773 0.295157
0.860886 0.211415
0.875867 0.168468
0.868214 0.164405
0.886297 0.150643
0.906562 0.056879
0.878542 0.0769146
0.789092 0.234064
0.695437 0.226046
0.605357 0.235621
0.536708 0.182354
0.592127 0.0395042
0.453253 0.116805
0.278695 0.158095
0.252094 0.0509561
0.0372605 0.155412
0.232326 0.265511
0.239055 0.279872
0.285295 0.266612
0.332873 0.283297
0.457793 0.279814
0.550308 0.285682
0.576542 0.336291
0.708708 0.432723
0.643494 0.510803
0.680325 0.619685
0.623662 0.572164
0.480327 0.486386
0.344067 0.454279
0.360211 0.549855
0.369003 0.641803
0.240938 0.710074
0.195505 0.743088
0.127218 0.592538
0.0275572 0.915634
0.308622 0.825707
0.546426 0.732213
0.571567 0.831016
0.688969 0.915803
0.722542 0.914141
0.955138 0.96562
0.830044 0.744081
0.88571 0.671949
