50
100
10
0.976817 0.170086
0.94006 0.407133
0.883488 0.62133
0.853027 0.648781
0.842133 0.658865
0.724804 0.663632
0.740494 0.635451
0.723361 0.603609
0.744307 0.508949
0.614204 0.488587
0.598665 0.709399
0.682738 0.788347
0.784145 0.825612
0.888645 0.790908
0.902004 0.772594
0.981699 0.771433
0.908345 0.941281
0.830372 0.946742
0.681358 0.977077
0.567969 0.861757
0.489244 0.764966
0.431459 0.79647
0.368977 0.744137
0.193837 0.930802
0.0528509 0.823832
0.0605949 0.61275
0.119222 0.612924
0.176704 0.636097
0.218298 0.612639
0.128366 0.558351
0.146207 0.364277
0.129244 0.370938
0.0649863 0.304737
0.0446704 0.314947
0.020659 0.121494
0.0707879 0.171395
0.231335 0.299257
0.258542 0.193352
0.39853 0.110894
0.4178 0.276005
0.427493 0.300533
0.4474 0.320595
0.41577 0.449458
0.430298 0.421828
0.474365 0.311801
0.61997 0.231545
0.630443 0.0879096
0.70639 0.131383
0.795777 0.257407
0.863088 0.11157
