30
100
10
0.417282 0.880044
0.52154 0.929219
0.526225 0.934343
0.606372 0.940612
0.518058 0.74145
0.599414 0.667342
0.596561 0.590557
0.453005 0.521379
0.46992 0.473126
0.545032 0.475763
0.655107 0.412312
0.847286 0.312317
0.820656 0.109229
0.750899 0.147405
0.74327 0.120955
0.745838 0.0341789
0.702139 0.0171969
0.656223 0.0236531
0.640681 0.128397
0.527564 0.202859
0.433272 0.066481
0.376516 0.199575
0.384187 0.267508
0.213886 0.179701
0.0636826 0.184171
0.116018 0.333887
0.22247 0.509029
0.382559 0.66796
0.149902 0.899231
0.327972 0.924609
