30
100
10
0.084272 0.0564051
0.10698 0.302356
0.0969881 0.32528
0.18608 0.357399
0.182423 0.586766
0.306494 0.520214
0.455498 0.505943
0.426138 0.610107
0.371442 0.932408
0.647215 0.739589
0.725771 0.733332
0.744519 0.835821
0.762626 0.833295
0.932276 0.796855
0.744523 0.633154
0.703334 0.575973
0.749866 0.488917
0.854744 0.455714
0.988813 0.470673
0.699867 0.25919
0.794443 0.0165334
0.612876 0.129471
0.562655 0.0989815
0.58447 0.201707
0.55249 0.214417
0.58323 0.253791
0.615929 0.270057
0.468992 0.31052
0.269431 0.337646
0.134502 0.1677
