30
100
10
0.014336 0.210836
0.00622701 0.537159
0.0770299 0.636893
0.0952281 0.718516
0.115256 0.72604
0.397631 0.802682
0.558684 0.821968
0.603013 0.921791
0.707454 0.935944
0.712289 0.860472
0.65446 0.682091
0.815569 0.637105
0.815922 0.791203
0.91162 0.881559
0.885089 0.727189
0.929334 0.680043
0.958129 0.494334
0.935649 0.347017
0.892634 0.278086
0.806535 0.203294
0.785361 0.30814
0.722445 0.304217
0.51906 0.317361
0.480849 0.298796
0.495772 0.321235
0.518664 0.404149
0.468121 0.431187
0.28446 0.595699
0.168985 0.453902
0.0445496 0.304025
