30
100
10
0.771884 0.096573
0.455521 0.119296
0.278501 0.0311416
0.216527 0.0446403
0.150699 0.0359264
0.113687 0.393645
0.10704 0.43373
0.152258 0.421586
0.163936 0.466025
0.0960888 0.643874
0.191458 0.958472
0.269196 0.930679
0.488421 0.696701
0.307298 0.664024
0.332048 0.576868
0.307898 0.505121
0.307673 0.347822
0.547622 0.349201
0.616153 0.47865
0.645315 0.592968
0.699093 0.639658
0.702507 0.73908
0.729021 0.748871
0.76614 0.818731
0.849872 0.672048
0.87199 0.679527
0.961634 0.439194
0.7761 0.403387
0.898766 0.113892
0.86078 0.00580541
