30
100
10
0.744823 0.141123
0.849831 0.241888
0.882534 0.246114
0.859294 0.312964
0.734915 0.37465
0.838276 0.458762
0.894254 0.490067
0.864717 0.742311
0.887371 0.862468
0.59317 0.753646
0.427704 0.741546
0.420362 0.728562
0.32195 0.629169
0.357731 0.724011
0.336939 0.802023
0.358325 0.950457
0.0552756 0.828132
0.143879 0.699282
0.158476 0.681653
0.153128 0.519927
0.0687218 0.453846
0.117646 0.38527
0.112181 0.0864171
0.190839 0.0101442
0.361451 0.212601
0.545179 0.475971
0.526393 0.315075
0.470401 0.158523
0.576228 0.112211
0.604015 0.119563
