50
100
10
0.949842 0.223373
0.914572 0.19444
0.82588 0.172368
0.759871 0.187515
0.689135 0.349192
0.767857 0.37355
0.77747 0.418097
0.813814 0.501285
0.904727 0.547913
0.872306 0.801104
0.733492 0.875077
0.720281 0.897351
0.667214 0.89278
0.612537 0.757554
0.631305 0.730607
0.612682 0.672783
0.50668 0.583393
0.422947 0.590464
0.409873 0.596661
0.426583 0.694869
0.479645 0.752552
0.451416 0.901535
0.507321 0.974141
0.289547 0.983676
0.327732 0.882984
0.349017 0.866732
0.266046 0.776714
0.253836 0.758795
0.235427 0.777032
0.0190597 0.737604
0.0684188 0.692041
0.180411 0.513866
0.173714 0.428595
0.139049 0.426197
0.153258 0.380538
0.046333 0.0678295
0.0412331 0.0479121
0.0434384 0.0536295
0.146113 0.293459
0.193138 0.400706
0.253859 0.392196
0.482225 0.408509
0.547345 0.310155
0.476355 0.199574
0.435375 0.147173
0.460037 0.143028
0.507639 0.0692978
0.574978 0.114752
0.764083 0.0149601
0.998636 0.217153
