30
100
10
0.624951 0.0981553
0.532122 0.21262
0.621972 0.379414
0.427777 0.381838
0.360974 0.443778
0.364433 0.508038
0.257481 0.388308
0.14689 0.168108
0.169304 0.150958
0.15182 0.0394249
0.000329346 0.106609
0.000101213 0.419342
0.00492285 0.453864
0.154417 0.471325
0.123636 0.527622
0.144105 0.641682
0.182115 0.903932
0.711518 0.998217
0.900688 0.979464
0.828913 0.749136
0.527293 0.683374
0.646451 0.566481
0.799333 0.51885
0.886066 0.419919
0.979362 0.227109
0.954789 0.0842106
0.902096 0.096397
0.847292 0.151813
0.789984 0.267741
0.665793 0.202651
