50
100
10
0.132351 0.0644407
0.211451 0.00459231
0.219865 0.0122707
0.361237 0.124714
0.402246 0.112535
0.360317 0.383511
0.413188 0.490525
0.401496 0.517123
0.348217 0.667643
0.404196 0.649945
0.453905 0.581102
0.532449 0.545651
0.550408 0.578039
0.646241 0.617714
0.622306 0.517101
0.536971 0.362717
0.510103 0.262192
0.571239 0.132409
0.65863 0.182625
0.753396 0.101146
0.835055 0.172293
0.779293 0.218626
0.821388 0.277532
0.800052 0.317299
0.844284 0.427623
0.763728 0.539231
0.874802 0.497621
0.933407 0.504089
0.964161 0.460211
0.985264 0.528734
0.909385 0.713547
0.991763 0.857148
0.952428 0.95189
0.914008 0.984957
0.724796 0.920824
0.749171 0.790632
0.647387 0.800998
0.625155 0.864943
0.607716 0.857692
0.538006 0.919456
0.469503 0.859327
0.13945 0.925171
0.138082 0.73346
0.115669 0.661284
0.110155 0.569685
0.0372365 0.368357
0.0270063 0.306321
0.136985 0.288961
0.045337 0.0209042
0.0673058 0.0296771
