30
100
10
0.592055 0.841519
0.666653 0.811415
0.860258 0.926217
0.908474 0.786059
0.765443 0.6638
0.734348 0.439336
0.820316 0.434174
0.997147 0.194971
0.878672 0.143803
0.690223 0.26095
0.644448 0.140011
0.552421 0.152254
0.55512 0.41078
0.495128 0.491818
0.070312 0.255874
0.00638558 0.250886
0.166967 0.625432
0.153687 0.663249
0.199467 0.680478
0.0282084 0.894099
0.105447 0.888466
0.141656 0.938517
0.273581 0.884406
0.341678 0.953193
0.352475 0.740733
0.292351 0.710902
0.328727 0.666653
0.485444 0.688675
0.590464 0.732793
0.526792 0.831879
