30
100
10
0.0618839 0.297795
0.152694 0.045727
0.181558 0.118269
0.19617 0.215066
0.266087 0.224831
0.439684 0.201115
0.436121 0.0539864
0.599371 0.0868775
0.804033 0.0804399
0.735008 0.273484
0.896618 0.314997
0.811342 0.450857
0.619704 0.578338
0.863299 0.699687
0.992102 0.761374
0.77886 0.937627
0.606043 0.97503
0.504481 0.920907
0.503655 0.787393
0.401875 0.857953
0.218512 0.900622
0.232344 0.995996
0.176145 0.956726
0.0743278 0.906356
0.0591694 0.716372
0.280251 0.681022
0.23825 0.495989
0.214315 0.50214
0.165614 0.537857
0.126167 0.442232
