30
100
10
0.31066 0.644696
0.13033 0.709197
0.0443941 0.644733
0.13371 0.540119
0.0547773 0.335197
0.157069 0.299375
0.290216 0.290779
0.244049 0.488977
0.38183 0.49363
0.409153 0.55976
0.514452 0.466108
0.672011 0.447908
0.641216 0.355736
0.616662 0.288443
0.568412 0.265357
0.62718 0.265967
0.741371 0.205903
0.697652 0.185107
0.611559 0.0538409
0.923457 0.00177358
0.926044 0.137892
0.806692 0.255823
0.827232 0.410081
0.947082 0.431555
0.941538 0.438791
0.897697 0.541335
0.905575 0.651015
0.839494 0.917396
0.708612 0.769383
0.556745 0.745069
