50
100
10
0.0314753 0.966039
0.0272955 0.664865
0.0604168 0.585206
0.0267293 0.488619
0.0415263 0.119342
0.0710074 0.11881
0.116268 0.0441106
0.292647 0.0396722
0.400933 0.176256
0.57731 0.0943487
0.577705 0.0248253
0.748127 0.0886902
0.776206 0.138322
0.800755 0.203156
0.760278 0.236089
0.82649 0.345439
0.950164 0.342179
0.99335 0.434895
0.913178 0.637727
0.838724 0.703273
0.859058 0.80803
0.966624 0.936593
0.840883 0.972202
0.753605 0.834233
0.679555 0.713933
0.59855 0.724121
0.507566 0.608005
0.649896 0.61487
0.716642 0.49864
0.748947 0.367557
0.638136 0.337871
0.603646 0.329748
0.499147 0.324023
0.439722 0.4038
0.439787 0.3529
0.407096 0.331311
0.373859 0.295957
0.279731 0.300933
0.183704 0.482257
0.112849 0.509224
0.151749 0.5757
0.175587 0.620416
0.30667 0.659315
0.329414 0.730772
0.318143 0.774856
0.22495 0.719914
0.216899 0.715726
0.117229 0.779233
0.0915439 0.820438
0.0668327 0.882409
