50
100
10
0.795353 0.810168
0.71013 0.801901
0.735832 0.895643
0.776261 0.94572
0.689708 0.947207
0.500786 0.973401
0.560784 0.85915
0.513115 0.771689
0.483613 0.748794
0.367239 0.837425
0.305906 0.893049
0.228994 0.898961
0.0809586 0.981372
0.0608351 0.73813
0.12913 0.72978
0.214889 0.709095
0.265242 0.637459
0.266885 0.601349
0.279673 0.533145
0.407949 0.63272
0.606463 0.498947
0.734044 0.41965
0.782044 0.355739
0.64826 0.342828
0.63191 0.265052
0.544056 0.276817
0.378445 0.314426
0.376394 0.318035
0.237077 0.427093
0.139018 0.327705
0.117736 0.373465
0.0675586 0.373836
0.00659684 0.280311
0.122259 0.185403
0.209253 0.181923
0.408465 0.0661016
0.442888 0.0254699
0.531008 0.18235
0.579478 0.115115
0.61597 0.0534041
0.602 0.0103554
0.66061 0.0224095
0.918519 0.014621
0.886452 0.203302
0.965063 0.394372
0.956086 0.410744
0.931145 0.550429
0.872362 0.673186
0.739462 0.60644
0.766483 0.667298
