50
100
10
0.893932 0.44416
0.914814 0.393194
0.898028 0.29877
0.877074 0.249133
0.877288 0.216143
0.915318 0.193204
0.886096 0.0378663
0.848332 0.109143
0.779498 0.330136
0.74657 0.319992
0.67761 0.287266
0.670866 0.226927
0.502807 0.109819
0.375186 0.0618704
0.287199 0.111029
0.184582 0.0710563
0.223048 0.146716
0.189754 0.195259
0.260852 0.206342
0.256874 0.242399
0.367811 0.266043
0.366487 0.280707
0.224859 0.37849
0.19418 0.413889
0.297983 0.588431
0.222724 0.6267
0.0986449 0.560667
0.0624074 0.725821
0.0321526 0.905312
0.224405 0.95147
0.26792 0.936324
0.417585 0.934626
0.429147 0.94075
0.379947 0.839422
0.515861 0.799875
0.515251 0.697067
0.493743 0.694312
0.435971 0.663738
0.391128 0.638648
0.501416 0.428478
0.694596 0.534616
0.733881 0.527792
0.804131 0.629272
0.777015 0.64199
0.699461 0.696816
0.735843 0.855448
0.72333 0.99655
0.852588 0.92405
0.905942 0.75002
0.917318 0.585182
