30
100
10
0.543191 0.955598
0.478727 0.992471
0.13394 0.920581
0.149634 0.891331
0.145088 0.839066
0.0997035 0.826548
0.0483654 0.79221
0.0287713 0.546371
0.255959 0.507498
0.193257 0.288139
0.12609 0.217847
0.0586487 0.206425
0.0438241 0.02191
0.239757 0.124477
0.487722 0.0495345
0.923388 0.0168648
0.693044 0.169914
0.676914 0.24261
0.69567 0.364068
0.777108 0.468768
0.828653 0.404905
0.941575 0.456617
0.820877 0.532124
0.688697 0.660049
0.593245 0.612085
0.649364 0.487618
0.538842 0.401047
0.346564 0.587207
0.353865 0.664703
0.431433 0.753474
