30
100
10
0.439468 0.147353
0.572356 0.0196031
0.648171 0.0581111
0.670103 0.152255
0.951863 0.203062
0.976671 0.407903
0.899525 0.522473
0.868959 0.627411
0.820718 0.629731
0.827414 0.691432
0.935487 0.650299
0.979574 0.698111
0.845464 0.893998
0.760771 0.835046
0.541918 0.738731
0.462456 0.648133
0.392476 0.562042
0.34848 0.667741
0.354773 0.912158
0.10907 0.96685
0.186875 0.762607
0.0582017 0.703253
0.0925042 0.608516
0.170605 0.300737
0.321163 0.361981
0.412915 0.419043
0.609793 0.23794
0.579899 0.167272
0.481082 0.190751
0.45604 0.151711
