50
100
10
0.731089 0.36107
0.630649 0.442249
0.559029 0.403029
0.44966 0.410835
0.523108 0.353509
0.543552 0.36727
0.62242 0.182482
0.720447 0.17971
0.880505 0.151646
0.759817 0.0993349
0.566832 0.0180641
0.406739 0.0333957
0.357839 0.0920536
0.223649 0.0192278
0.152891 0.046251
0.00597325 0.0235691
0.115487 0.356787
0.0969488 0.415186
0.113584 0.513235
0.0872971 0.548709
0.0643492 0.657136
0.0108495 0.764729
0.0860804 0.95009
0.187187 0.986745
0.205845 0.977454
0.213273 0.88579
0.206051 0.785621
0.266885 0.784157
0.197897 0.612585
0.24184 0.63223
0.262512 0.628393
0.267672 0.623746
0.380262 0.674516
0.405972 0.702348
0.413082 0.750106
0.431399 0.979914
0.50043 0.947004
0.612144 0.981443
0.592259 0.946497
0.573909 0.851677
0.719073 0.825914
0.790885 0.73763
0.76817 0.673239
0.844162 0.71084
0.981902 0.749603
0.973659 0.620352
0.929314 0.558863
0.812219 0.453945
0.744643 0.398819
0.748599 0.336053
