30
100
10
0.954585 0.829086
0.936535 0.737632
0.861571 0.497633
0.959934 0.449974
0.896767 0.206603
0.831628 0.00765936
0.792872 0.00883821
0.783047 0.0676813
0.726854 0.198222
0.626034 0.0993727
0.552182 0.0630466
0.40535 0.0973264
0.355535 0.0743453
0.110394 0.122701
0.0260601 0.138672
0.0369865 0.276638
0.137392 0.276881
0.205881 0.216559
0.305265 0.22696
0.371299 0.439225
0.270068 0.433167
0.183992 0.542099
0.106165 0.558482
0.0904614 0.977389
0.170799 0.987229
0.41531 0.907717
0.426454 0.810027
0.641471 0.731719
0.635167 0.820463
0.681183 0.988928
