30
100
10
0.987153 0.91158
0.85256 0.814023
0.692511 0.830772
0.463329 0.669473
0.573108 0.549526
0.627385 0.559261
0.798921 0.489584
0.74217 0.352357
0.882941 0.180596
0.647122 0.102509
0.606643 0.0613704
0.562372 0.209933
0.529943 0.303034
0.408251 0.0364435
0.389194 0.0265284
0.360339 0.0558946
0.170067 0.0108071
0.121512 0.10305
0.241966 0.333259
0.261221 0.35275
0.307838 0.32368
0.389321 0.36082
0.0861024 0.546316
0.122072 0.708459
0.0373354 0.935223
0.143261 0.863698
0.382491 0.804339
0.534338 0.892906
0.563199 0.957912
0.933822 0.938663
