50
100
10
0.151384 0.562883
0.105541 0.531613
0.068138 0.58178
0.0845569 0.791938
0.0451267 0.919453
0.238634 0.968605
0.51666 0.953191
0.554453 0.800524
0.588386 0.814212
0.633063 0.795377
0.655006 0.883424
0.617131 0.922103
0.710993 0.9571
0.726976 0.971249
0.963807 0.960242
0.971163 0.856657
0.859984 0.757802
0.8314 0.720366
0.89243 0.651379
0.721607 0.541595
0.764847 0.492049
0.69657 0.376643
0.767181 0.35745
0.829362 0.381978
0.956144 0.0754897
0.499551 0.0855182
0.414152 0.163282
0.370698 0.22427
0.352733 0.139618
0.348514 0.0941112
0.191254 0.127754
0.165184 0.184133
0.127443 0.298818
0.0653599 0.281759
0.080945 0.36607
0.159705 0.377042
0.33392 0.33963
0.340359 0.423651
0.407397 0.560895
0.461048 0.530238
0.5102 0.425906
0.592618 0.512438
0.557809 0.596822
0.551405 0.605092
0.484612 0.709194
0.4621 0.766734
0.360573 0.748091
0.325615 0.75591
0.260529 0.707913
0.239526 0.63235
