50
100
10
0.159435 0.961148
0.424005 0.914938
0.642166 0.851557
0.67188 0.902839
0.712209 0.844128
0.775581 0.92891
0.884766 0.969554
0.980795 0.860643
0.958839 0.660346
0.903745 0.531376
0.889307 0.456843
0.922327 0.385215
0.865286 0.321022
0.811971 0.28493
0.942374 0.251707
0.898463 0.215196
0.740265 0.13531
0.686401 0.173312
0.662831 0.178527
0.642069 0.116401
0.573244 0.0241226
0.444522 0.000906166
0.308026 0.1235
0.26191 0.280124
0.120378 0.151434
0.0679444 0.131073
0.0123209 0.119472
0.0236902 0.478347
0.0843541 0.51804
0.18927 0.491183
0.216437 0.468757
0.262127 0.523952
0.256357 0.424008
0.286744 0.4048
0.289048 0.404019
0.381185 0.390951
0.55508 0.424334
0.603472 0.350857
0.619577 0.324302
0.712735 0.345142
0.804757 0.387907
0.828352 0.424945
0.68281 0.554039
0.748881 0.69557
0.676652 0.672833
0.648427 0.690667
0.539498 0.639434
0.483563 0.770726
0.314505 0.715995
0.161587 0.725254
