30
100
10
0.655807 0.562175
0.581811 0.743903
0.969551 0.992046
0.893828 0.832384
0.934232 0.748423
0.856512 0.543996
0.915647 0.129513
0.630609 0.0879943
0.644848 0.166635
0.705835 0.22012
0.575271 0.313103
0.464436 0.370427
0.338261 0.420077
0.196342 0.426358
0.153493 0.307439
0.0521871 0.137071
0.0880966 0.372057
0.0703649 0.448175
0.345513 0.682306
0.28056 0.880471
0.266584 0.888903
0.212166 0.898674
0.166612 0.900945
0.232403 0.957412
0.249862 0.964193
0.35539 0.995154
0.424467 0.967834
0.418936 0.811484
0.479738 0.675386
0.486871 0.567556
