30
100
10
0.279947 0.499208
0.213559 0.473129
0.127287 0.483828
0.222163 0.604837
0.158566 0.750536
0.138312 0.774568
0.250715 0.975728
0.302415 0.996391
0.374838 0.940633
0.616002 0.962849
0.527565 0.895949
0.418452 0.741751
0.462057 0.68308
0.73807 0.649526
0.869104 0.674739
0.999379 0.597001
0.898787 0.309169
0.824785 0.266647
0.785052 0.151559
0.847112 0.0549894
0.750739 0.0787537
0.659043 0.0357679
0.448121 0.141921
0.387923 0.156521
0.155516 0.00283841
0.138327 0.0656416
0.313691 0.188052
0.545469 0.31307
0.60609 0.345973
0.391278 0.52625
