30
100
10
0.536133 0.608523
0.436207 0.573755
0.458549 0.431976
0.343361 0.312376
0.235032 0.462204
0.183946 0.831245
0.037622 0.734838
0.0886152 0.529593
0.0309493 0.16614
0.0136115 0.00530898
0.50604 0.078656
0.596213 0.0863102
0.577899 0.143793
0.577001 0.176015
0.559303 0.229344
0.676816 0.163922
0.7644 0.00568765
0.865428 0.0875026
0.905647 0.323703
0.841969 0.489499
0.85119 0.54722
0.909901 0.586136
0.970218 0.644029
0.92168 0.694501
0.876169 0.884794
0.820045 0.864802
0.556557 0.860244
0.552529 0.741725
0.598117 0.707397
0.548514 0.689986
