30
100
10
0.798806 0.225503
0.936236 0.347218
0.98234 0.844369
0.714677 0.670119
0.655325 0.696982
0.602011 0.88703
0.458536 0.718152
0.367654 0.711008
0.363206 0.854226
0.299472 0.807806
0.252215 0.72563
0.0582257 0.76439
0.0018925 0.775378
0.224273 0.61476
0.284694 0.564808
0.0497123 0.303889
0.0882236 0.137704
0.0832512 0.0470406
0.424899 0.0468774
0.435029 0.0516402
0.411536 0.241907
0.382907 0.320776
0.417437 0.387896
0.459092 0.367946
0.61266 0.365099
0.611849 0.247832
0.608759 0.198282
0.629604 0.071196
0.78874 0.0569531
0.974008 0.0405653
