30
100
10
0.31139 0.790004
0.230173 0.72823
0.321641 0.693423
0.278921 0.59341
0.0812783 0.6015
0.116777 0.479694
0.0510617 0.451662
0.114344 0.413374
0.243687 0.192227
0.356005 0.360464
0.479067 0.359062
0.46567 0.248012
0.576091 0.20842
0.549918 0.105206
0.632345 0.0126658
0.947704 0.0309093
0.931388 0.0663751
0.920987 0.207023
0.835068 0.242777
0.762586 0.438262
0.85638 0.518677
0.772436 0.509093
0.683609 0.519809
0.716117 0.629616
0.999711 0.865167
0.671921 0.905923
0.601789 0.767178
0.581883 0.72501
0.429641 0.917743
0.307975 0.908366
