30
100
10
0.745011 0.794017
0.337959 0.852875
0.316351 0.898187
0.226329 0.960469
0.193171 0.983474
0.0625358 0.986351
0.127541 0.920336
0.299371 0.827083
0.385452 0.735926
0.295062 0.501796
0.178411 0.438248
0.0142004 0.525187
0.041512 0.182381
0.0352553 0.125468
0.423374 0.235453
0.643081 0.02874
0.867891 0.0200244
0.908853 0.112781
0.990133 0.172102
0.947056 0.379471
0.827074 0.220184
0.59211 0.330551
0.643344 0.528259
0.657296 0.572085
0.85881 0.722745
0.848401 0.783385
0.97345 0.86941
0.989209 0.963583
0.966204 0.987099
0.817719 0.883656
