30
100
10
0.299387 0.214648
0.375905 0.323171
0.453262 0.441637
0.274975 0.509659
0.12742 0.606037
0.265804 0.680897
0.174198 0.850342
0.184745 0.95855
0.533007 0.899349
0.983182 0.934511
0.910803 0.759614
0.982526 0.621412
0.943078 0.638007
0.843902 0.650032
0.672689 0.538913
0.56401 0.454978
0.686224 0.329374
0.805211 0.286708
0.796367 0.210205
0.86468 0.204863
0.784352 0.092736
0.747795 0.162806
0.706491 0.143289
0.498372 0.197355
0.400187 0.208882
0.340644 0.183799
0.319119 0.171042
0.318904 0.0728759
0.0827847 0.0801864
0.109554 0.250234
