50
100
10
0.434706 0.375188
0.535585 0.401423
0.6335 0.388922
0.724945 0.401488
0.769309 0.422258
0.83466 0.314825
0.878142 0.304022
0.955829 0.036732
0.90544 0.302074
0.935273 0.407327
0.971671 0.595228
0.938335 0.604756
0.927817 0.596503
0.893523 0.792837
0.871742 0.831894
0.877121 0.872028
0.900357 0.971535
0.765768 0.962419
0.562623 0.949433
0.603534 0.761926
0.706576 0.831858
0.782033 0.766747
0.743327 0.663557
0.741863 0.597576
0.633916 0.523896
0.566763 0.620448
0.397592 0.731686
0.23524 0.91859
0.199984 0.90223
0.189303 0.94465
0.0439928 0.933166
0.0251093 0.910005
0.183598 0.798949
0.179775 0.796661
0.190172 0.630543
0.31115 0.549413
0.128426 0.504601
0.16817 0.45795
0.230386 0.454495
0.233317 0.44749
0.270897 0.329477
0.355967 0.234165
0.356038 0.194833
0.274215 0.149039
0.114707 0.0402642
0.415453 0.0804591
0.512217 0.169801
0.577128 0.161135
0.563709 0.311796
0.522677 0.317618
