50
100
10
0.177474 0.216765
0.220697 0.286945
0.286605 0.328947
0.207269 0.359869
0.0936538 0.522424
0.101716 0.605764
0.0551397 0.686057
0.0624971 0.690256
0.056764 0.838216
0.0649499 0.993412
0.162985 0.877414
0.214383 0.890823
0.249271 0.854514
0.270079 0.79292
0.304729 0.766746
0.397362 0.717284
0.375863 0.959765
0.399838 0.949215
0.46536 0.920324
0.612226 0.773225
0.736156 0.985059
0.929108 0.85016
0.799375 0.751965
0.77395 0.715984
0.720222 0.602635
0.823275 0.621832
0.958918 0.611745
0.891696 0.450999
0.920109 0.276667
0.931581 0.163517
0.866981 0.0516939
0.736741 0.118471
0.69994 0.181909
0.758792 0.180852
0.773266 0.358341
0.677049 0.348966
0.673526 0.513983
0.608107 0.571143
0.452802 0.502378
0.438021 0.45654
0.38497 0.285157
0.351754 0.269577
0.398674 0.256639
0.550541 0.208721
0.520486 0.105925
0.451486 0.0299662
0.364142 0.00682713
0.295108 0.0374928
0.212813 0.0287656
0.264482 0.109848
