50
100
10
0.197772 0.210476
0.291979 0.226769
0.320082 0.138328
0.35233 0.180882
0.387507 0.231898
0.502924 0.28996
0.493528 0.0918883
0.724973 0.0411436
0.791015 0.0967257
0.87826 0.0782141
0.921124 0.012463
0.981452 0.1491
0.991715 0.249991
0.955097 0.432046
0.920429 0.438605
0.904615 0.377637
0.78672 0.331708
0.660094 0.272473
0.651899 0.409307
0.843371 0.576244
0.769549 0.630469
0.780147 0.712436
0.834429 0.740965
0.887788 0.691335
0.997972 0.911442
0.778511 0.931154
0.709345 0.766048
0.606735 0.846645
0.580615 0.894046
0.594251 0.955461
0.523935 0.965114
0.467331 0.994642
0.420457 0.728328
0.250215 0.859861
0.0062577 0.811588
0.0309246 0.757409
0.132428 0.645158
0.110155 0.549348
0.235054 0.530156
0.161605 0.484804
0.121743 0.448624
0.175314 0.397719
0.10574 0.367482
0.0973153 0.337352
0.0248682 0.248907
0.115273 0.0287261
0.197012 0.0228403
0.203627 0.0357024
0.177826 0.111097
0.160349 0.203269
