30
100
10
0.313679 0.666284
0.149757 0.636774
0.0727532 0.596381
0.0144943 0.839913
0.0967262 0.798723
0.31551 0.956448
0.438775 0.869654
0.72597 0.939457
0.824669 0.877769
0.866285 0.78395
0.92758 0.762101
0.876696 0.559648
0.895815 0.500292
0.756868 0.599234
0.644264 0.647958
0.633427 0.46329
0.577198 0.336168
0.581886 0.256813
0.675782 0.110109
0.605741 0.00254389
0.326762 0.0396483
0.22539 0.108911
0.244138 0.193305
0.160458 0.14484
0.0435483 0.239923
0.0310332 0.241594
0.0830453 0.473519
0.149754 0.453895
0.350538 0.473686
0.284242 0.561007
