30
100
10
0.558414 0.418281
0.49095 0.521997
0.638528 0.51599
0.633569 0.543843
0.705967 0.73746
0.953151 0.744316
0.898195 0.988992
0.546313 0.879816
0.401814 0.847833
0.382335 0.779731
0.0807891 0.99487
0.191154 0.702491
0.259318 0.511566
0.0473476 0.497155
0.0737636 0.453694
0.0273802 0.269601
0.162597 0.157513
0.214264 0.0372625
0.320156 0.167792
0.310346 0.243249
0.345309 0.272065
0.427114 0.139085
0.500558 0.189977
0.581105 0.184185
0.619507 0.29846
0.799027 0.219394
0.947522 0.0491574
0.858003 0.378298
0.782372 0.497476
0.69096 0.435322
