30
100
10
0.667819 0.506049
0.664424 0.544366
0.792005 0.598801
0.750971 0.764978
0.950105 0.852346
0.785618 0.898624
0.813405 0.949411
0.819661 0.979097
0.727478 0.974524
0.623181 0.908736
0.565042 0.954504
0.474132 0.907782
0.293557 0.82491
0.0943763 0.836207
0.330657 0.725213
0.471421 0.735722
0.424492 0.563639
0.32623 0.565396
0.201011 0.491013
0.104714 0.153446
0.309344 0.226488
0.494087 0.172784
0.782679 0.036822
0.822789 0.0667918
0.905552 0.125617
0.773391 0.214604
0.708334 0.399503
0.665855 0.367284
0.560575 0.376153
0.560633 0.415394
