30
100
10
0.562353 0.0228464
0.521637 0.166594
0.454383 0.217686
0.615188 0.267035
0.77712 0.287789
0.909007 0.222675
0.910409 0.23163
0.78908 0.498562
0.888245 0.544905
0.935415 0.590384
0.929717 0.747301
0.721236 0.916251
0.581829 0.826054
0.666721 0.717729
0.482931 0.617217
0.490363 0.701208
0.405741 0.903802
0.289881 0.90442
0.152457 0.815357
0.0260647 0.971994
0.00359491 0.772813
0.0058425 0.698087
0.162999 0.428244
0.201056 0.298757
0.204798 0.292335
0.0166301 0.0868293
0.0928203 0.102041
0.322591 0.177541
0.385586 0.121104
0.413438 0.0878723
