30
100
10
0.286364 0.867341
0.343795 0.725306
0.326163 0.597847
0.162793 0.485617
0.0928671 0.51912
0.0628394 0.484457
0.0060847 0.485611
0.138364 0.406634
0.136084 0.323903
0.0222727 0.225454
0.209763 0.274448
0.234989 0.195498
0.399443 0.00603038
0.597418 0.0879668
0.645829 0.159237
0.711065 0.029976
0.794987 0.0283574
0.760064 0.129981
0.899291 0.19714
0.877746 0.387369
0.98529 0.511922
0.839211 0.521353
0.789951 0.463345
0.730537 0.372556
0.645246 0.617011
0.526291 0.744487
0.551311 0.863036
0.649101 0.904877
0.438866 0.972869
0.378586 0.852931
