30
100
10
0.797466 0.442374
0.886648 0.47931
0.964097 0.335362
0.948705 0.271274
0.878091 0.135035
0.78967 0.241965
0.665698 0.248548
0.596009 0.0485047
0.282663 0.0532737
0.304065 0.158289
0.249294 0.349475
0.222951 0.359393
0.0483228 0.427258
0.1331 0.558253
0.304663 0.639527
0.252936 0.915592
0.390233 0.933187
0.669664 0.848946
0.74861 0.956155
0.807227 0.97802
0.915694 0.837173
0.786651 0.755932
0.705129 0.569013
0.642034 0.591777
0.562824 0.548731
0.611527 0.511376
0.595682 0.415763
0.690921 0.506999
0.71733 0.463164
0.785224 0.356928
