30
100
10
0.148828 0.0688221
0.167353 0.0271471
0.342829 0.0981558
0.718356 0.0208809
0.999329 0.291525
0.977578 0.514005
0.950794 0.540199
0.989108 0.980192
0.797234 0.958457
0.631 0.748027
0.525132 0.695934
0.498656 0.686053
0.483083 0.674996
0.534886 0.962912
0.356667 0.966472
0.220531 0.877516
0.0131581 0.852638
0.0550534 0.598625
0.220636 0.60047
0.369555 0.692969
0.379939 0.605566
0.346652 0.497985
0.45436 0.412688
0.367965 0.355987
0.43778 0.293174
0.445307 0.225666
0.248899 0.254164
0.172233 0.275013
0.105336 0.311117
0.188578 0.0944436
