50
100
10
0.664225 0.311332
0.76177 0.261598
0.708368 0.124131
0.752766 0.108207
0.812964 0.0553011
0.94904 0.0702647
0.998419 0.311287
0.824713 0.473057
0.880101 0.556307
0.901665 0.763354
0.980505 0.859445
0.967652 0.854837
0.880771 0.830286
0.858843 0.755356
0.856419 0.73327
0.712091 0.615993
0.697464 0.65899
0.673925 0.782436
0.59364 0.892234
0.564202 0.913301
0.534033 0.79639
0.414346 0.781766
0.349478 0.860532
0.312307 0.953455
0.295243 0.943118
0.194924 0.74164
0.0985576 0.763205
0.0606738 0.704973
0.123559 0.606977
0.114093 0.57859
0.0707872 0.489345
0.218309 0.512807
0.299418 0.587947
0.341204 0.559571
0.37669 0.435866
0.36495 0.422977
0.296632 0.259256
0.260837 0.222746
0.175564 0.361555
0.044557 0.264284
0.0658895 0.0149355
0.116235 0.0808911
0.319661 0.0882707
0.412515 0.0532943
0.412383 0.00339489
0.431413 0.0151349
0.560432 0.13846
0.558521 0.188425
0.59088 0.246123
0.499758 0.331624
