50
100
10
0.32317 0.324083
0.379616 0.457547
0.428796 0.440714
0.459902 0.498767
0.55142 0.563643
0.579866 0.5072
0.451149 0.356452
0.424288 0.294333
0.429186 0.151581
0.468786 0.0405285
0.48457 0.106591
0.547592 0.12819
0.722474 0.0134811
0.799381 0.143611
0.947347 0.0586637
0.956314 0.106877
0.879266 0.270065
0.946109 0.38511
0.910142 0.413663
0.851284 0.535706
0.838477 0.570857
0.859789 0.572679
0.880703 0.727993
0.93089 0.913943
0.645459 0.894184
0.622307 0.839518
0.354887 0.887205
0.24537 0.996199
0.18074 0.978742
0.0331065 0.959015
0.214522 0.887657
0.168294 0.803182
0.233469 0.619443
0.272315 0.568412
0.291636 0.515369
0.26704 0.487571
0.182081 0.494156
0.094857 0.419374
0.0554666 0.432123
0.0208201 0.300996
0.157722 0.339285
0.155149 0.308025
0.14839 0.174454
0.141671 0.0937881
0.159634 0.0847528
0.197614 0.0745058
0.259207 0.0149381
0.203194 0.147743
0.228364 0.188256
0.215564 0.25866
