30
100
10
0.771202 0.700287
0.758195 0.534917
0.785463 0.335276
0.966459 0.331611
0.953257 0.132568
0.912251 0.135906
0.823136 0.10566
0.814184 0.10519
0.530841 0.201668
0.547132 0.484097
0.502068 0.420587
0.369045 0.37493
0.282054 0.280235
0.220532 0.183568
0.230644 0.0245627
0.160469 0.127138
0.0861679 0.105455
0.0409703 0.142895
0.0578757 0.41834
0.0895973 0.581767
0.0581033 0.709359
0.0249844 0.81607
0.0495573 0.950409
0.107584 0.731061
0.134331 0.7226
0.172237 0.604818
0.24835 0.529514
0.334236 0.636729
0.457099 0.860799
0.604156 0.919795
