30
100
10
0.0371914 0.457285
0.0800653 0.300223
0.216126 0.297301
0.151679 0.194497
0.209427 0.0386337
0.350175 0.016242
0.547394 0.0213982
0.787744 0.231278
0.916156 0.188064
0.978053 0.132282
0.881104 0.354212
0.79152 0.332742
0.624535 0.413884
0.527239 0.320882
0.391028 0.270748
0.370454 0.335137
0.440779 0.456382
0.625213 0.516996
0.813007 0.596135
0.762646 0.671188
0.768535 0.703708
0.991387 0.953347
0.981832 0.989257
0.645349 0.754033
0.457742 0.75404
0.462019 0.895243
0.315468 0.988796
0.129505 0.977145
0.111456 0.943199
0.252677 0.811233
