30
100
10
0.077364 0.665836
0.115455 0.600665
0.100329 0.598766
0.0419444 0.425743
0.0264078 0.130944
0.105503 0.184891
0.416402 0.0466784
0.45272 0.125981
0.713229 0.195572
0.733672 0.230918
0.896921 0.157399
0.777886 0.386246
0.643641 0.359102
0.53708 0.383302
0.482339 0.490064
0.429477 0.493766
0.393948 0.333262
0.332694 0.321777
0.234023 0.486242
0.271872 0.548178
0.386182 0.690945
0.524705 0.651905
0.599591 0.674664
0.712514 0.701349
0.905581 0.81035
0.849166 0.977425
0.574334 0.795181
0.571138 0.746909
0.360727 0.883389
0.224043 0.852682
