30
100
10
0.61286 0.442018
0.781628 0.426454
0.993425 0.374319
0.978779 0.758017
0.861189 0.7002
0.815287 0.746015
0.770863 0.704466
0.723119 0.663971
0.711041 0.708722
0.668966 0.970761
0.423573 0.898106
0.434493 0.869789
0.438737 0.7372
0.307279 0.587305
0.324505 0.676476
0.239973 0.805757
0.0830414 0.935659
0.0904246 0.880248
0.0511953 0.630302
0.0679723 0.626308
0.211282 0.504747
0.201391 0.44794
0.0134474 0.269022
0.164796 0.0186534
0.446215 0.303285
0.475508 0.330397
0.580929 0.275623
0.64075 0.144555
0.709477 0.108339
0.686005 0.184985
