30
100
10
0.463922 0.867582
0.420259 0.826985
0.323158 0.890768
0.265776 0.967523
0.165659 0.959603
0.229379 0.842459
0.0711665 0.78401
0.0956502 0.498159
0.040781 0.432197
0.0886404 0.371085
0.116794 0.190029
0.20278 0.274335
0.215426 0.44976
0.332499 0.516317
0.343557 0.700082
0.47051 0.691346
0.576683 0.518699
0.486222 0.432159
0.503601 0.361797
0.445151 0.31164
0.510497 0.214948
0.535616 0.0527782
0.679332 0.0358622
0.703807 0.247174
0.919068 0.320469
0.860588 0.825833
0.777749 0.972351
0.743229 0.900302
0.51833 0.826759
0.47592 0.873399
