50
100
10
0.0155196 0.24628
0.0914276 0.443911
0.0794603 0.457424
0.134023 0.5666
0.185456 0.554713
0.290321 0.498203
0.392827 0.53228
0.446558 0.541813
0.367949 0.573512
0.349598 0.635176
0.213316 0.634364
0.0271203 0.740664
0.0489291 0.782998
0.142012 0.797815
0.116666 0.928804
0.236453 0.83096
0.372715 0.949947
0.418864 0.982074
0.523459 0.842178
0.705701 0.91139
0.840194 0.94871
0.928663 0.995967
0.868133 0.822367
0.869371 0.819026
0.840527 0.73825
0.797446 0.75765
0.590615 0.574853
0.642032 0.425008
0.759514 0.382356
0.714327 0.308247
0.815058 0.308265
0.953574 0.422116
0.898657 0.0575817
0.957288 0.0212642
0.89976 0.00250319
0.701757 0.0348582
0.674937 0.0371737
0.528081 0.0566
0.418743 0.133191
0.319507 0.107153
0.253867 0.0434028
0.205115 0.00685537
0.240344 0.130848
0.239552 0.147044
0.292728 0.172463
0.284532 0.176734
0.259539 0.264917
0.107096 0.182952
0.0805766 0.208094
0.0304614 0.21291
