30
100
10
0.0163812 0.878825
0.0247977 0.896913
0.054969 0.971079
0.200911 0.832003
0.368956 0.463452
0.441222 0.615283
0.534494 0.802175
0.446981 0.841531
0.502911 0.894349
0.797046 0.987535
0.877968 0.700605
0.859142 0.605903
0.731654 0.528078
0.62352 0.442283
0.672196 0.439686
0.854653 0.392065
0.905192 0.371858
0.982389 0.125752
0.810026 0.178978
0.57943 0.312937
0.517205 0.280131
0.495099 0.0113093
0.449669 0.0749225
0.174034 0.113419
0.07922 0.0731891
0.0810978 0.204451
0.036338 0.310583
0.100954 0.550068
0.0733275 0.615768
0.0459825 0.609622
