30
100
10
0.722908 0.454287
0.663469 0.364945
0.819232 0.2038
0.953329 0.136046
0.843862 0.0771556
0.771387 0.0350548
0.656784 0.11813
0.593242 0.231855
0.381957 0.108964
0.321763 0.0526953
0.447503 0.372454
0.321741 0.400832
0.2629 0.343008
0.190406 0.408267
0.306096 0.587588
0.415994 0.590593
0.65915 0.64674
0.617149 0.734898
0.513436 0.820451
0.46519 0.777987
0.321949 0.835199
0.413686 0.999106
0.5085 0.914983
0.632687 0.973689
0.69297 0.823093
0.873146 0.978733
0.85054 0.745352
0.969911 0.576598
0.973965 0.478382
0.897704 0.386377
