50
100
10
0.382351 0.906782
0.324331 0.724352
0.369085 0.671257
0.519347 0.724716
0.62038 0.740153
0.520694 0.825504
0.562391 0.922009
0.572093 0.974601
0.64903 0.945469
0.804646 0.957694
0.884325 0.84089
0.894532 0.630874
0.760425 0.606836
0.766799 0.582932
0.935192 0.477356
0.92007 0.366637
0.814281 0.354576
0.856976 0.294454
0.813683 0.273075
0.791293 0.221123
0.90476 0.169816
0.833324 0.000919841
0.806601 0.0135443
0.576384 0.120036
0.481136 0.0189948
0.378462 0.0893309
0.299099 0.160942
0.113985 0.00761027
0.0587047 0.223669
0.034607 0.304277
0.205005 0.353735
0.306543 0.424107
0.46113 0.368165
0.60774 0.25014
0.575344 0.298223
0.549088 0.420768
0.49285 0.45352
0.49036 0.564981
0.394815 0.536756
0.279023 0.567027
0.108326 0.493724
0.0205405 0.598685
0.0784508 0.702793
0.148613 0.683637
0.194624 0.859598
0.203129 0.894165
0.148459 0.972983
0.246058 0.896058
0.249746 0.939906
0.333667 0.962142
