30
100
10
0.847737 0.123789
0.990301 0.0186505
0.998601 0.073556
0.896963 0.385624
0.812582 0.490733
0.987306 0.653
0.892129 0.870205
0.599502 0.723813
0.549634 0.680596
0.529601 0.605049
0.445524 0.589085
0.45918 0.792524
0.513568 0.895564
0.276756 0.971947
0.313977 0.906698
0.281163 0.792665
0.275403 0.771355
0.12604 0.830797
0.0798184 0.729298
0.260047 0.446486
0.278956 0.364483
0.193163 0.402227
0.0304869 0.227246
0.306793 0.207678
0.329038 0.292511
0.447057 0.309216
0.473261 0.440017
0.766763 0.30589
0.738997 0.258105
0.697645 0.161714
