30
100
10
0.283184 0.629784
0.094323 0.643973
0.0892815 0.41711
0.176646 0.387901
0.171002 0.293946
0.104717 0.226761
0.258894 0.0466889
0.295826 0.0369502
0.397124 0.126637
0.597424 0.0150919
0.640867 0.17849
0.650437 0.233575
0.592708 0.218635
0.566435 0.274552
0.42298 0.264299
0.52153 0.400543
0.6522 0.375885
0.856546 0.599625
0.90588 0.662687
0.972836 0.823261
0.870625 0.953451
0.84409 0.964948
0.643686 0.878716
0.51934 0.993083
0.449265 0.890788
0.551002 0.788562
0.556327 0.717454
0.485949 0.732968
0.476199 0.63705
0.403794 0.596997
