30
100
10
0.318205 0.902579
0.171875 0.905599
0.120716 0.762764
0.13882 0.687579
0.0467112 0.657406
0.162374 0.583376
0.0761276 0.27435
0.00219441 0.149722
0.161249 0.219285
0.172574 0.219225
0.178428 0.218065
0.198415 0.19013
0.170771 0.141014
0.47936 0.098813
0.54104 0.229463
0.549435 0.270486
0.659462 0.360789
0.916561 0.442169
0.810947 0.502248
0.773505 0.55321
0.725949 0.716596
0.837301 0.720205
0.876632 0.668523
0.893749 0.817639
0.794989 0.947898
0.581279 0.886899
0.507274 0.919535
0.557773 0.846665
0.444559 0.655194
0.411501 0.753862
