30
100
10
0.390352 0.270827
0.257628 0.020187
0.107541 0.0585554
0.167759 0.216948
0.21395 0.327754
0.245773 0.360427
0.112423 0.431927
0.0605603 0.493914
0.0939904 0.562098
0.13705 0.813287
0.377631 0.733564
0.348148 0.623404
0.324946 0.539067
0.51209 0.61875
0.649281 0.572158
0.700327 0.643306
0.629835 0.702663
0.597623 0.764419
0.833284 0.907887
0.904122 0.884782
0.928074 0.752558
0.762804 0.583728
0.779068 0.415387
0.951158 0.206414
0.97349 0.0909125
0.994025 0.0117187
0.583877 0.330162
0.627369 0.432487
0.506299 0.440163
0.371308 0.410421
