30
100
10
0.345969 0.841505
0.308073 0.941174
0.240927 0.721791
0.10459 0.618694
0.0720174 0.438717
0.151173 0.296354
0.260238 0.205231
0.240846 0.145198
0.271336 0.134473
0.345196 0.0344329
0.430236 0.138244
0.350349 0.319459
0.50656 0.411411
0.476018 0.580016
0.453933 0.665873
0.531684 0.671163
0.733455 0.621685
0.718586 0.443325
0.68858 0.345113
0.849139 0.0435316
0.932418 0.278423
0.982393 0.476508
0.860035 0.472127
0.900108 0.52595
0.940442 0.589075
0.969275 0.953729
0.788504 0.89195
0.662226 0.951668
0.556609 0.809658
0.501585 0.747406
