50
100
10
0.242332 0.787018
0.330612 0.708215
0.317646 0.58055
0.398949 0.504463
0.657142 0.742328
0.730872 0.721153
0.781912 0.907578
0.823597 0.973189
0.867754 0.99878
0.839295 0.910711
0.945493 0.833873
0.948192 0.693626
0.870029 0.563765
0.878535 0.528603
0.989009 0.328304
0.915078 0.26205
0.825695 0.067473
0.737245 0.104907
0.755897 0.206275
0.761602 0.31146
0.654318 0.292978
0.512663 0.398858
0.460549 0.318866
0.36698 0.263139
0.414423 0.192674
0.486787 0.173481
0.593065 0.175347
0.591541 0.0386761
0.536954 0.0814308
0.305362 0.0535268
0.163793 0.148875
0.17385 0.170319
0.113569 0.175887
0.111285 0.162192
0.035306 0.0825163
0.0504422 0.274199
0.0982565 0.337912
0.156715 0.356816
0.229665 0.362744
0.12198 0.45992
0.186338 0.510991
0.129654 0.560278
0.0689512 0.720162
0.133239 0.766923
0.0709593 0.786797
0.06474 0.949494
0.258403 0.894665
0.293793 0.93698
0.320914 0.852333
0.302606 0.832562
