50
100
10
0.336147 0.175862
0.463788 0.20206
0.549484 0.322804
0.543553 0.33185
0.454184 0.331346
0.290895 0.462605
0.380427 0.471611
0.428564 0.561625
0.446336 0.560619
0.46237 0.550168
0.502096 0.505511
0.559948 0.451406
0.763685 0.401397
0.791004 0.346206
0.790756 0.12634
0.734058 0.0883372
0.786482 0.0527872
0.907854 0.114485
0.924884 0.318834
0.935852 0.428038
0.912515 0.452306
0.963459 0.565104
0.965172 0.570018
0.89987 0.669747
0.976808 0.798726
0.868975 0.951928
0.75499 0.689149
0.76935 0.589711
0.527422 0.705955
0.542677 0.739415
0.431744 0.785385
0.361558 0.789948
0.352807 0.93384
0.359345 0.962318
0.313782 0.976624
0.230366 0.962566
0.087615 0.892352
0.000670691 0.720156
0.0247895 0.667505
0.188243 0.649929
0.161726 0.494112
0.152485 0.479816
0.156472 0.432186
0.171562 0.423144
0.109798 0.339598
0.200067 0.297667
0.141455 0.224857
0.0513263 0.021461
0.291573 0.084129
0.273437 0.190765
