30
100
10
0.979375 0.0426185
0.901555 0.12121
0.910373 0.221819
0.679423 0.193635
0.615499 0.191246
0.427014 0.485943
0.462106 0.673019
0.639694 0.759428
0.696521 0.789744
0.717969 0.718113
0.970534 0.856972
0.976498 0.928225
0.858592 0.90965
0.766622 0.941871
0.470358 0.829127
0.471513 0.850297
0.427814 0.958223
0.186807 0.840867
0.214587 0.785735
0.191682 0.752244
0.170236 0.719127
0.102534 0.653903
0.00723184 0.534013
0.0794332 0.455159
0.102672 0.380196
0.268352 0.329369
0.256008 0.185573
0.2788 0.0747169
0.319749 0.0129071
0.687072 0.0819094
