50
100
10
0.966243 0.407094
0.919146 0.312124
0.927856 0.211752
0.988825 0.0508799
0.822077 0.0590424
0.791953 0.206912
0.821696 0.2979
0.820301 0.328504
0.776665 0.384915
0.714804 0.303921
0.585989 0.263335
0.506885 0.203245
0.520171 0.126268
0.548531 0.0977848
0.53175 0.00437791
0.33863 0.0593236
0.33318 0.0640655
0.139333 0.0125755
0.0358981 0.137252
0.00398409 0.284304
0.0407585 0.256836
0.127327 0.234794
0.175854 0.366785
0.276088 0.288089
0.331227 0.327186
0.401706 0.292398
0.299264 0.497651
0.14492 0.61403
0.0607579 0.842667
0.131468 0.849006
0.265955 0.756236
0.299031 0.663218
0.350688 0.752669
0.40235 0.732091
0.454213 0.768067
0.466136 0.750649
0.474923 0.714311
0.504037 0.704521
0.611316 0.78832
0.46496 0.928223
0.673151 0.971845
0.800895 0.94106
0.901825 0.999633
0.805206 0.852522
0.763844 0.657425
0.724562 0.626748
0.708305 0.626777
0.596667 0.508021
0.706409 0.528618
0.926154 0.599135
