30
100
10
0.346094 0.385538
0.344552 0.362225
0.362262 0.309619
0.308273 0.206997
0.147732 0.0820483
0.0776801 0.309919
0.0876462 0.453548
0.241254 0.457273
0.212294 0.74235
0.199623 0.805293
0.243333 0.948019
0.321021 0.865657
0.444274 0.727741
0.461089 0.709809
0.688802 0.595577
0.699281 0.687607
0.755212 0.647784
0.981115 0.889556
0.935531 0.535207
0.996184 0.377837
0.910225 0.34244
0.954024 0.0348963
0.765782 0.039607
0.719786 0.109848
0.612055 0.201647
0.717646 0.266238
0.67576 0.388083
0.570103 0.302136
0.446435 0.3484
0.419467 0.492284
