30
100
10
0.652919 0.947657
0.702682 0.799214
0.656163 0.684572
0.625178 0.737809
0.619651 0.767248
0.529555 0.810902
0.538156 0.849227
0.488143 0.847876
0.253299 0.832001
0.166596 0.75425
0.179082 0.708506
0.363315 0.633749
0.431272 0.600927
0.35815 0.419851
0.355374 0.376204
0.308899 0.385661
0.235551 0.248066
0.219065 0.213348
0.318321 0.0165943
0.432928 0.0194776
0.827496 0.026299
0.977797 0.060832
0.655189 0.331851
0.588166 0.387044
0.583667 0.468665
0.697103 0.482685
0.722747 0.495112
0.967598 0.664272
0.914245 0.923894
0.761866 0.881843
