30
100
10
0.870469 0.186472
0.844286 0.153683
0.631531 0.205166
0.562407 0.246838
0.491106 0.371725
0.548157 0.464308
0.711146 0.488614
0.883562 0.474624
0.859072 0.670189
0.903284 0.658574
0.948119 0.737247
0.934552 0.8218
0.94423 0.950869
0.816815 0.920812
0.845047 0.885377
0.847811 0.790547
0.449503 0.709474
0.419316 0.821671
0.39427 0.773753
0.319338 0.692097
0.0794003 0.830724
0.131318 0.726357
0.114753 0.576196
0.0175275 0.346766
0.145478 0.264363
0.163112 0.0666586
0.540495 0.110565
0.580746 0.0658705
0.707048 0.00455033
0.897264 0.107342
