30
100
10
0.148144 0.986533
0.121076 0.87423
0.107324 0.841788
0.036267 0.785257
0.175 0.782684
0.149445 0.26285
0.436108 0.407937
0.592542 0.307657
0.570207 0.289474
0.492411 0.16227
0.545114 0.0660624
0.682045 0.00158738
0.848747 0.142072
0.885624 0.228781
0.990286 0.271671
0.916617 0.551974
0.899632 0.645223
0.903382 0.699866
0.874004 0.718312
0.814824 0.720114
0.859037 0.928519
0.786844 0.99508
0.658574 0.746793
0.641669 0.839033
0.520813 0.908302
0.430436 0.957105
0.413743 0.901462
0.359468 0.845247
0.327247 0.921556
0.259793 0.872505
