30
100
10
0.692556 0.757357
0.776707 0.832389
0.838939 0.925757
0.855982 0.850852
0.916542 0.769869
0.875993 0.736053
0.869007 0.705281
0.889439 0.550603
0.67461 0.326406
0.863298 0.0434841
0.743341 0.0119925
0.619157 0.154421
0.53767 0.16717
0.519619 0.0803035
0.0280601 0.0457417
0.0861241 0.156767
0.151388 0.239907
0.0923194 0.288337
0.0571934 0.270703
0.0522434 0.579672
0.0252426 0.896133
0.062459 0.981759
0.124947 0.984218
0.1292 0.74975
0.175018 0.649532
0.311188 0.645714
0.457302 0.538854
0.496566 0.662618
0.529007 0.892087
0.625414 0.97692
