30
100
10
0.813278 0.971659
0.985994 0.909893
0.990696 0.891595
0.822169 0.783977
0.764026 0.737974
0.824974 0.550296
0.532864 0.341114
0.638037 0.257842
0.586383 0.174879
0.62308 0.0852822
0.464479 0.0433456
0.333083 0.0508625
0.145939 0.126638
0.0966143 0.057099
0.0774011 0.0869999
0.028758 0.27796
0.213578 0.340481
0.218225 0.429697
0.38448 0.352565
0.291966 0.622971
0.0081644 0.746442
0.037385 0.841427
0.312356 0.730204
0.349906 0.782786
0.512911 0.744956
0.530396 0.679943
0.567623 0.724836
0.576248 0.823308
0.46392 0.952103
0.681595 0.998861
