30
100
10
0.485364 0.969441
0.464204 0.935625
0.451964 0.814379
0.337747 0.942202
0.0950657 0.999928
0.122058 0.903639
0.204774 0.81854
0.147572 0.782018
0.133554 0.366365
0.0456575 0.322321
0.085629 0.130713
0.233598 0.26963
0.309564 0.158314
0.332668 0.0927378
0.544597 0.181216
0.565892 0.291396
0.574845 0.298334
0.631076 0.245009
0.588697 0.125625
0.691427 0.0343339
0.914299 0.0740614
0.999755 0.174297
0.951867 0.239708
0.959184 0.266273
0.684996 0.451719
0.988676 0.636863
0.723474 0.710164
0.710093 0.749371
0.685657 0.822295
0.632638 0.963744
