30
100
10
0.107961 0.204219
0.33959 0.13672
0.341534 0.16915
0.41727 0.311374
0.489205 0.256933
0.618895 0.159428
0.737923 0.0748289
0.746556 0.207602
0.787227 0.233094
0.882219 0.164437
0.944424 0.338237
0.663939 0.504829
0.582767 0.416803
0.477833 0.490344
0.464694 0.496305
0.591682 0.674617
0.753853 0.74134
0.866067 0.775273
0.986648 0.935252
0.591829 0.791238
0.482179 0.872453
0.316357 0.942527
0.220013 0.809907
0.0409093 0.80175
0.0141256 0.443904
0.101955 0.475853
0.192185 0.519225
0.320976 0.451166
0.192506 0.329753
0.104314 0.327974
