50
100
10
0.377402 0.104842
0.281992 0.175863
0.263896 0.10417
0.185734 0.0910626
0.136917 0.0232851
0.0482949 0.084952
0.0891925 0.389319
0.0846422 0.517004
0.20402 0.553158
0.109804 0.716721
0.0810387 0.782998
0.0115383 0.845859
0.128009 0.860358
0.379979 0.902261
0.443528 0.828128
0.336109 0.762386
0.397533 0.577893
0.545384 0.698872
0.559923 0.683356
0.602612 0.712448
0.673193 0.796416
0.604384 0.854
0.668427 0.996087
0.754954 0.961054
0.890946 0.82264
0.702544 0.742846
0.718763 0.697675
0.72344 0.604635
0.641198 0.503797
0.685723 0.50025
0.818261 0.463524
0.926431 0.522393
0.920987 0.348538
0.901219 0.31852
0.914392 0.20854
0.901697 0.146034
0.871862 0.0295819
0.62792 0.0189542
0.621174 0.125008
0.682997 0.151455
0.748121 0.251157
0.532393 0.391518
0.524859 0.427551
0.523535 0.450868
0.513137 0.417147
0.493251 0.384215
0.505996 0.341796
0.552559 0.281676
0.469823 0.188993
0.418901 0.0369459
