30
100
10
0.973066 0.930119
0.756165 0.911085
0.696426 0.981331
0.661501 0.86541
0.552698 0.793055
0.544101 0.734644
0.527926 0.539385
0.482407 0.439616
0.347261 0.50057
0.310648 0.661194
0.100811 0.908845
0.0807481 0.739597
0.109245 0.571322
0.0801828 0.369648
0.372102 0.269176
0.224061 0.160931
0.340852 0.065165
0.356147 0.0808952
0.516688 0.106023
0.710987 0.214007
0.791086 0.004845
0.903259 0.231029
0.948511 0.219216
0.92647 0.313918
0.890177 0.390638
0.74125 0.409126
0.995284 0.637457
0.778115 0.687288
0.847114 0.811572
0.87395 0.797236
