50
100
10
0.716492 0.271335
0.939507 0.0611905
0.752497 0.17273
0.64395 0.158655
0.593302 0.188537
0.554727 0.145773
0.446219 0.221514
0.430898 0.221253
0.327889 0.26351
0.378917 0.130716
0.276261 0.0940871
0.0434029 0.127897
0.0289797 0.274462
1.68979e-05 0.496343
0.219149 0.463167
0.23862 0.611602
0.215829 0.617537
0.112548 0.646138
0.129327 0.851854
0.0651074 0.854866
0.0056846 0.975765
0.356996 0.997896
0.52528 0.856056
0.551245 0.850903
0.53591 0.881089
0.575594 0.90593
0.737145 0.834617
0.751556 0.950163
0.89511 0.944494
0.91464 0.951432
0.937887 0.787894
0.979751 0.752514
0.993272 0.530042
0.851636 0.65841
0.845992 0.657615
0.858642 0.718575
0.828385 0.773283
0.742318 0.630123
0.670007 0.674377
0.628028 0.603192
0.608573 0.671431
0.425158 0.718254
0.396705 0.682611
0.435125 0.583714
0.367015 0.544851
0.356861 0.439491
0.414294 0.447571
0.524357 0.381095
0.682595 0.418297
0.669073 0.376457
