30
100
10
0.395255 0.599956
0.484274 0.535498
0.465669 0.526472
0.346254 0.38982
0.30886 0.309977
0.224283 0.350672
0.172361 0.451762
0.0809601 0.351167
0.195385 0.151326
0.507285 0.131545
0.599885 0.101131
0.661144 0.196756
0.698436 0.145419
0.910533 0.125654
0.965607 0.260443
0.850502 0.308616
0.822473 0.272114
0.751282 0.245123
0.695058 0.288142
0.732254 0.458771
0.760335 0.472951
0.803696 0.56203
0.896356 0.490321
0.97924 0.769303
0.798586 0.890443
0.718035 0.839953
0.618369 0.904615
0.292874 0.925755
0.0361601 0.628568
0.348767 0.59064
