30
100
10
0.707888 0.266822
0.743712 0.138853
0.854668 0.0948977
0.959696 0.100047
0.847279 0.0120617
0.824143 0.0596084
0.543994 0.0462161
0.342921 0.0282541
0.138071 0.378783
0.06789 0.378552
0.0605264 0.792699
0.269039 0.841484
0.428644 0.795285
0.26835 0.64735
0.366869 0.555145
0.474616 0.369817
0.525745 0.51574
0.57946 0.468727
0.661366 0.492517
0.669084 0.58716
0.738215 0.601456
0.81693 0.667584
0.807361 0.775833
0.786203 0.806975
0.870323 0.84464
0.924962 0.938123
0.98569 0.868666
0.890183 0.606907
0.948523 0.533244
0.782764 0.283313
