50
100
10
0.276744 0.0235469
0.255622 0.00925796
0.186447 0.0342372
0.134077 0.0237503
0.0527552 0.151227
0.170799 0.231871
0.229944 0.267613
0.163174 0.443378
0.258043 0.386965
0.4125 0.394687
0.390623 0.281005
0.393035 0.26675
0.404379 0.253223
0.520415 0.237426
0.532272 0.304876
0.542346 0.329499
0.54441 0.407735
0.509446 0.498094
0.476986 0.686488
0.432233 0.705521
0.355515 0.663433
0.111597 0.914212
0.174774 0.935381
0.164742 0.99043
0.396689 0.935033
0.4256 0.878539
0.439364 0.832322
0.596249 0.902439
0.720725 0.941193
0.727665 0.921811
0.72798 0.906286
0.585678 0.775931
0.672691 0.712089
0.732807 0.739391
0.974465 0.776112
0.991364 0.611137
0.845272 0.558301
0.772878 0.607007
0.68874 0.559864
0.640901 0.369127
0.767432 0.327505
0.857192 0.363681
0.855405 0.284635
0.973828 0.0900209
0.765707 0.145307
0.55233 0.112054
0.515689 0.123644
0.410421 0.0488192
0.378411 0.120973
0.265384 0.151289
