30
100
10
0.27847 0.468916
0.270907 0.430315
0.277262 0.375592
0.195206 0.275263
0.114012 0.152928
0.301203 0.284961
0.508315 0.345789
0.495287 0.21129
0.640756 0.0649727
0.790491 0.150221
0.802508 0.0689615
0.97406 0.066806
0.978967 0.417604
0.865455 0.407022
0.834381 0.468892
0.772994 0.617425
0.555048 0.603375
0.544791 0.729681
0.583222 0.832311
0.642255 0.824844
0.830381 0.965798
0.619138 0.91652
0.420799 0.911663
0.351767 0.739997
0.323542 0.730204
0.305994 0.777602
0.237199 0.900759
0.0600282 0.831832
0.00494448 0.588966
0.221889 0.484593
