50
100
10
0.10431 0.0575575
0.0307521 0.304457
0.107399 0.451383
0.126688 0.472121
0.165034 0.274614
0.242088 0.320426
0.266368 0.382531
0.262228 0.454756
0.32428 0.598123
0.236304 0.601231
0.0841217 0.708362
0.0795985 0.705632
0.0628499 0.842509
0.114611 0.892234
0.0658472 0.975463
0.153802 0.987614
0.359489 0.937832
0.309593 0.833812
0.36089 0.809879
0.43539 0.767116
0.468742 0.808126
0.551463 0.834251
0.518229 0.953341
0.570479 0.937631
0.809816 0.983165
0.771402 0.884926
0.788307 0.788236
0.828558 0.781619
0.76592 0.718412
0.702114 0.78886
0.688264 0.698787
0.727435 0.658862
0.768695 0.601577
0.858032 0.530672
0.679981 0.475964
0.560645 0.509276
0.522492 0.475501
0.596985 0.421858
0.722389 0.348817
0.936527 0.318836
0.701528 0.167464
0.70248 0.0711091
0.660553 0.0895203
0.591724 0.188432
0.563826 0.170855
0.552225 0.169411
0.508858 0.0755133
0.3236 0.00397685
0.285634 0.0883246
0.258257 0.0782888
