50
100
10
0.261489 0.229894
0.286018 0.239315
0.234079 0.376814
0.328796 0.366438
0.438018 0.456325
0.545073 0.382635
0.553917 0.281248
0.402031 0.194506
0.387948 0.135301
0.374913 0.0247527
0.590821 0.00977803
0.910519 0.00847492
0.91026 0.300467
0.887889 0.334643
0.926651 0.385835
0.738734 0.370322
0.771286 0.552969
0.831741 0.513983
0.887016 0.500611
0.973148 0.519897
0.946695 0.672822
0.896617 0.671148
0.887612 0.639837
0.831714 0.659175
0.864891 0.7168
0.835254 0.762194
0.808124 0.774905
0.83032 0.862368
0.946113 0.924996
0.95407 0.985522
0.925553 0.948396
0.760427 0.917078
0.626005 0.969373
0.609637 0.860694
0.643112 0.760636
0.662377 0.670945
0.48578 0.805567
0.437069 0.728777
0.434079 0.722867
0.382266 0.599178
0.252731 0.577324
0.165021 0.696412
0.16116 0.803468
0.0818239 0.900184
0.0759646 0.777754
0.105591 0.761508
0.0985063 0.581212
0.113161 0.493872
0.0297102 0.12638
0.259793 0.214007
