30
100
10
0.836076 0.622159
0.87963 0.727552
0.873208 0.719483
0.833623 0.691418
0.76068 0.705426
0.768764 0.782792
0.736212 0.951524
0.62248 0.912995
0.589678 0.785397
0.267518 0.936392
0.142476 0.980328
0.247202 0.8684
0.214247 0.800103
0.173405 0.789575
0.166248 0.6548
0.0930773 0.423301
0.0247172 0.387651
0.0638908 0.0731929
0.24592 0.0605346
0.266607 0.101691
0.455336 0.000340134
0.535155 0.145656
0.524992 0.24558
0.476816 0.359684
0.394947 0.414784
0.324535 0.49216
0.686239 0.344408
0.918059 0.266874
0.878137 0.458556
0.906945 0.559447
