50
100
10
0.450718 0.245963
0.672786 0.209168
0.726744 0.200181
0.755331 0.128164
0.827102 0.10244
0.829552 0.0707374
0.907817 0.125869
0.750032 0.248413
0.71859 0.417289
0.532906 0.470178
0.58688 0.535438
0.619547 0.663148
0.752498 0.653755
0.931306 0.581139
0.964276 0.548142
0.890151 0.925675
0.804014 0.947329
0.72812 0.866916
0.500136 0.955207
0.290095 0.955485
0.0354043 0.981636
0.188982 0.829655
0.254033 0.813972
0.339231 0.66599
0.358383 0.647861
0.406394 0.650058
0.366779 0.472213
0.335037 0.552808
0.24375 0.58907
0.194425 0.580603
0.205656 0.657465
0.204796 0.661204
0.078482 0.65401
0.0633622 0.656654
0.00370155 0.681338
0.047387 0.540414
0.173178 0.427022
0.0771575 0.393632
0.0670358 0.382024
0.0427571 0.346237
0.00700575 0.0840418
0.0807774 0.0791328
0.165854 0.0875499
0.228463 0.13905
0.351432 0.0781616
0.42742 0.0673511
0.488027 0.0276379
0.45466 0.0949472
0.36366 0.233497
0.413588 0.282937
