30
100
10
0.33715 0.335312
0.25049 0.441758
0.261468 0.458256
0.193989 0.530347
0.0141077 0.329358
0.075602 0.496406
0.0503838 0.768421
0.298548 0.746654
0.366156 0.688379
0.360328 0.760751
0.49354 0.980869
0.5529 0.95769
0.674271 0.921131
0.69627 0.905346
0.866803 0.966928
0.852846 0.786817
0.670392 0.814368
0.673766 0.573511
0.893948 0.526612
0.93227 0.534549
0.913412 0.32116
0.981139 0.185078
0.976307 0.165924
0.62054 0.33508
0.537508 0.128252
0.415946 0.0449961
0.367838 0.170296
0.374604 0.199739
0.274963 0.147294
0.184785 0.18276
