30
100
10
0.737394 0.504462
0.969226 0.782835
0.82105 0.946358
0.670072 0.953083
0.279684 0.935824
0.274417 0.937769
0.20813 0.866978
0.155143 0.839547
0.0480319 0.867501
0.103527 0.658442
0.166153 0.570275
0.146686 0.368582
0.0706061 0.377944
0.00167297 0.249741
0.0600885 0.00353048
0.116719 0.124248
0.177182 0.116356
0.237653 0.209803
0.344205 0.143155
0.378962 0.162038
0.449689 0.183001
0.587294 0.301828
0.666499 0.225214
0.886595 0.0646145
0.977002 0.348619
0.983857 0.383318
0.918894 0.404293
0.900203 0.391122
0.716819 0.444858
0.59621 0.449568
