30
100
10
0.942446 0.619581
0.97574 0.735743
0.934998 0.908038
0.960745 0.986946
0.809699 0.899562
0.608756 0.845116
0.493467 0.989175
0.330089 0.97019
0.319251 0.878963
0.0983392 0.916194
0.0923417 0.942031
0.0544812 0.942431
0.0836049 0.701098
0.199798 0.648679
0.205891 0.598212
0.372123 0.647692
0.472994 0.435913
0.376339 0.371695
0.434635 0.259647
0.181589 0.183983
0.138092 0.165781
0.181007 0.135268
0.166919 0.0152262
0.490996 0.111252
0.596943 0.0560341
0.815756 0.265086
0.878228 0.306752
0.929377 0.305012
0.903224 0.362596
0.787148 0.51824
