30
100
10
0.570669 0.368088
0.392882 0.430884
0.442636 0.496788
0.523592 0.711317
0.605739 0.631697
0.607589 0.65367
0.656209 0.723605
0.958915 0.787627
0.701733 0.934862
0.632657 0.980435
0.368196 0.828075
0.277891 0.91305
0.0200826 0.883984
0.128592 0.793896
0.181888 0.747382
0.307389 0.721756
0.343602 0.676291
0.310068 0.505597
0.127398 0.396205
0.0774258 0.297282
0.139793 0.305245
0.140648 0.28535
0.379078 0.236806
0.64618 0.0463206
0.700677 0.0464309
0.884317 0.0843204
0.667353 0.13139
0.653438 0.225325
0.581109 0.254627
0.621971 0.326953
