30
100
10
0.557678 0.203756
0.626922 0.223216
0.679942 0.171076
0.667319 0.0897743
0.86206 0.061135
0.781602 0.295857
0.985859 0.376577
0.696726 0.626641
0.589445 0.675949
0.657991 0.727167
0.696635 0.87729
0.468637 0.947826
0.425111 0.860283
0.385514 0.829222
0.264891 0.836352
0.100245 0.833573
0.0428459 0.724108
0.0956876 0.690002
0.342922 0.638396
0.324403 0.433881
0.283718 0.461849
0.246907 0.419738
0.0545432 0.470731
0.0483664 0.454497
0.137446 0.262846
0.0567889 0.139185
0.136847 0.0313509
0.194839 0.091019
0.228959 0.0973891
0.481193 0.315679
