50
100
10
0.351181 0.34398
0.251431 0.29504
0.134601 0.324534
0.146645 0.33846
0.146703 0.405672
0.0270088 0.353121
0.0257709 0.426221
0.0494087 0.47132
0.139092 0.525084
0.157113 0.750903
0.0731024 0.844052
0.21976 0.852964
0.221457 0.994313
0.31269 0.897115
0.413645 0.650624
0.414889 0.732118
0.446284 0.762615
0.492871 0.790621
0.588431 0.933196
0.66714 0.933965
0.670683 0.847565
0.872598 0.70829
0.937281 0.712744
0.986313 0.707781
0.871638 0.636346
0.72643 0.653187
0.700862 0.684716
0.609859 0.507614
0.703668 0.398211
0.78155 0.300935
0.794873 0.397125
0.80978 0.480449
0.910802 0.438864
0.943587 0.368493
0.946957 0.302651
0.886046 0.254196
0.922209 0.109983
0.930756 0.0117326
0.926231 0.0117546
0.85952 0.0732596
0.764703 0.0463962
0.442843 0.00962205
0.271071 0.0200591
0.133361 0.0211434
0.0903878 0.0152762
0.121715 0.163347
0.323336 0.196054
0.360968 0.249971
0.344593 0.285795
0.390483 0.342606
