50
100
10
0.690657 0.818717
0.758547 0.775052
0.728949 0.700503
0.55489 0.7142
0.602782 0.864152
0.482731 0.950204
0.354451 0.995494
0.312355 0.916203
0.316149 0.889484
0.142774 0.958944
0.0808697 0.915497
0.0448685 0.794496
0.124685 0.73042
0.224045 0.754
0.279274 0.70343
0.00147136 0.577443
0.00623815 0.38117
0.149064 0.305528
0.0359482 0.202743
0.191656 0.161377
0.198826 0.171743
0.312715 0.13732
0.277946 0.273749
0.304057 0.347353
0.292122 0.474067
0.372091 0.36682
0.496574 0.233568
0.564743 0.422872
0.622055 0.453019
0.699431 0.38979
0.71297 0.297135
0.63647 0.228551
0.619633 0.209188
0.693676 0.174523
0.817727 0.102046
0.99046 0.0155802
0.858045 0.37744
0.923387 0.422624
0.936429 0.478639
0.977795 0.527599
0.896473 0.591629
0.801294 0.573822
0.789691 0.638687
0.850255 0.711611
0.995909 0.686266
0.924797 0.77112
0.925743 0.880893
0.952706 0.990921
0.744699 0.914224
0.712944 0.936834
