50
100
10
0.845175 0.78526
0.897389 0.906912
0.792129 0.992054
0.563811 0.93787
0.394069 0.875285
0.397137 0.950247
0.365333 0.978554
0.178242 0.877433
0.119672 0.923278
0.0881329 0.982589
0.0404803 0.885218
0.132675 0.744405
0.197501 0.719762
0.217006 0.696486
0.0312394 0.653948
0.137155 0.579974
0.104747 0.505935
0.0989215 0.459925
0.153411 0.107826
0.117903 0.026934
0.205994 0.101551
0.250484 0.121019
0.24838 0.142657
0.243656 0.150086
0.290015 0.244163
0.369104 0.356198
0.361489 0.401791
0.295542 0.485005
0.428243 0.431235
0.520824 0.342213
0.556177 0.368371
0.564068 0.297961
0.548734 0.282715
0.759529 0.170567
0.752949 0.0902336
0.688539 0.0513791
0.682275 0.0091358
0.922187 0.0355848
0.901832 0.259938
0.703925 0.331789
0.649452 0.416921
0.641562 0.413724
0.590116 0.529243
0.54152 0.708019
0.585452 0.753678
0.633264 0.720233
0.82685 0.689118
0.936663 0.657979
0.964396 0.668406
0.875058 0.763474
