30
100
10
0.973942 0.263104
0.858599 0.266512
0.782683 0.00263081
0.511598 0.135921
0.38149 0.217353
0.312826 0.222759
0.217445 0.147814
0.173872 0.254431
0.0866684 0.331442
0.183544 0.385779
0.290795 0.434288
0.0533824 0.68547
0.217977 0.732806
0.372692 0.549009
0.4081 0.587755
0.446678 0.564345
0.517535 0.50824
0.607277 0.482986
0.582103 0.604203
0.705745 0.704248
0.709327 0.82409
0.754431 0.836029
0.890796 0.920103
0.906632 0.768489
0.999376 0.778792
0.97076 0.630222
0.813452 0.526576
0.839683 0.488735
0.850067 0.341787
0.950123 0.37886
