30
100
10
0.443849 0.397595
0.538738 0.19284
0.443527 0.154927
0.475444 0.0226761
0.403628 0.0132784
0.274886 0.0896005
0.252897 0.114152
0.276889 0.223617
0.0331427 0.352065
0.0111164 0.405955
0.312078 0.585818
0.366372 0.581708
0.23336 0.678513
0.0828502 0.723528
0.102879 0.772097
0.0739455 0.780554
0.0564578 0.881294
0.246293 0.906123
0.467314 0.977679
0.438809 0.752333
0.495625 0.748021
0.866919 0.64712
0.985694 0.693178
0.855806 0.45738
0.876668 0.372184
0.88113 0.320517
0.871353 0.185729
0.730012 0.257409
0.769779 0.324657
0.714789 0.386023
