50
100
10
0.875026 0.0480721
0.968514 0.24349
0.983488 0.333509
0.950209 0.34274
0.887983 0.35749
0.859471 0.481449
0.722109 0.523934
0.657737 0.504468
0.624965 0.536084
0.757327 0.572415
0.775259 0.674127
0.837247 0.63159
0.862774 0.66332
0.894288 0.728188
0.940516 0.873597
0.921669 0.918409
0.819078 0.905469
0.83688 0.828167
0.765364 0.815542
0.649064 0.765993
0.592125 0.754491
0.570033 0.809651
0.57458 0.860608
0.404994 0.928436
0.247733 0.900527
0.235954 0.850479
0.221705 0.721957
0.275899 0.538547
0.418283 0.547018
0.42598 0.572782
0.474191 0.520511
0.459757 0.37558
0.399155 0.289094
0.355714 0.366689
0.290575 0.426302
0.109358 0.390507
0.0531409 0.383301
0.107402 0.324228
0.167787 0.293269
0.0641769 0.249385
0.153045 0.152972
0.211102 0.23601
0.23378 0.261929
0.295976 0.264465
0.321821 0.188993
0.409884 0.0533029
0.53832 0.217091
0.610179 0.0908904
0.600321 0.0479823
0.813975 0.014386
