30
100
10
0.291128 0.0936128
0.0146821 0.0104849
0.0170531 0.144406
0.161902 0.305811
0.132513 0.406797
0.227796 0.420347
0.371667 0.542979
0.283155 0.579779
0.304015 0.655228
0.104098 0.775063
0.0868403 0.816015
0.105619 0.910758
0.233027 0.991508
0.613162 0.653496
0.677485 0.642892
0.712903 0.802579
0.725679 0.874906
0.75871 0.837337
0.959306 0.862808
0.967378 0.5258
0.953059 0.529851
0.884277 0.477285
0.702674 0.443948
0.625839 0.438582
0.582988 0.380159
0.612401 0.187103
0.718142 0.147195
0.519424 0.0460605
0.456139 0.0682615
0.453737 0.188291
