30
100
10
0.369682 0.471399
0.420178 0.376994
0.330979 0.386884
0.0740861 0.431096
0.0972261 0.269573
0.286562 0.159285
0.465142 0.164179
0.679546 0.207685
0.725126 0.108863
0.679121 0.0105255
0.969381 0.0277144
0.956135 0.0635605
0.836527 0.27731
0.787507 0.302126
0.645621 0.505053
0.594569 0.635255
0.653276 0.746158
0.732491 0.685376
0.89989 0.769762
0.912246 0.967718
0.912565 0.986332
0.526102 0.879343
0.447458 0.869271
0.382093 0.942405
0.15321 0.973243
0.217279 0.860518
0.148916 0.706303
0.241161 0.623328
0.376372 0.696717
0.398814 0.565841
