30
100
10
0.679482 0.3519
0.812934 0.353256
0.97858 0.394016
0.959132 0.627799
0.781138 0.625651
0.728369 0.649711
0.619395 0.695007
0.586068 0.78536
0.75423 0.906536
0.444492 0.925389
0.430901 0.925224
0.275362 0.906763
0.0054194 0.863333
0.066066 0.730841
0.0268013 0.529523
0.0444894 0.399002
0.0998623 0.366278
0.166961 0.346222
0.250516 0.460363
0.315151 0.509507
0.31942 0.449057
0.3605 0.253117
0.390907 0.16334
0.138616 0.00362116
0.227054 0.00860006
0.385752 0.0502963
0.591612 0.0765611
0.509998 0.137727
0.498887 0.34398
0.620232 0.451818
