30
100
10
0.424824 0.346108
0.336319 0.198455
0.0385638 0.105604
0.0140321 0.44171
0.0803092 0.452428
0.200161 0.500453
0.169132 0.640653
0.20785 0.68494
0.159891 0.768185
0.107939 0.798278
0.232159 0.794338
0.536063 0.483145
0.658484 0.61844
0.640861 0.685987
0.609773 0.846523
0.495256 0.924833
0.618633 0.97598
0.68078 0.99021
0.762146 0.841932
0.87379 0.994803
0.903914 0.990794
0.966774 0.970026
0.923842 0.784688
0.872229 0.703105
0.974974 0.647554
0.889716 0.522546
0.806848 0.249064
0.974293 0.0590401
0.816895 0.0739513
0.62662 0.176923
