50
100
10
0.805463 0.0891721
0.800651 0.0760453
0.903601 0.0191873
0.993161 0.129814
0.924585 0.139089
0.881312 0.184718
0.997634 0.318011
0.895865 0.705923
0.919132 0.731958
0.969163 0.989891
0.899065 0.877814
0.85426 0.815136
0.686137 0.795338
0.641763 0.593373
0.732609 0.501419
0.647159 0.511745
0.597597 0.480917
0.572008 0.50986
0.501558 0.491573
0.474165 0.583255
0.48805 0.593046
0.468458 0.613921
0.388384 0.778195
0.429682 0.759337
0.481669 0.768213
0.537558 0.956712
0.438503 0.986631
0.235488 0.990717
0.223531 0.826821
0.266165 0.822049
0.250289 0.769346
0.186419 0.793813
0.0215536 0.606574
0.00990399 0.52105
0.063763 0.53378
0.126981 0.490952
0.133915 0.487774
0.171748 0.556663
0.304001 0.574803
0.289262 0.42069
0.205859 0.321063
0.134644 0.340102
0.0375802 0.149354
0.184428 0.0378094
0.281915 0.101083
0.326881 0.171112
0.422146 0.197678
0.521789 0.181857
0.596465 0.362469
0.785034 0.174187
