50
100
10
0.55609 0.879632
0.483527 0.956542
0.750467 0.928406
0.774772 0.829299
0.882865 0.830673
0.900747 0.714709
0.942583 0.493441
0.95322 0.47239
0.971785 0.302334
0.909562 0.0410734
0.856108 0.0399082
0.770109 0.0075941
0.642505 0.0809768
0.620745 0.0498829
0.527562 0.0802635
0.330701 0.106822
0.273209 0.0921526
0.206075 0.168156
0.0923118 0.00203338
0.092471 0.0133003
0.0714789 0.272354
0.0543736 0.470193
0.0449751 0.732269
0.0692886 0.789978
0.096562 0.814228
0.0633643 0.979427
0.190801 0.91934
0.281299 0.875169
0.340787 0.821027
0.377881 0.768076
0.307142 0.712634
0.499972 0.531219
0.486916 0.395161
0.327929 0.426381
0.248478 0.343024
0.29122 0.257025
0.402755 0.233803
0.472813 0.235776
0.525651 0.249724
0.57532 0.299714
0.698736 0.371225
0.714778 0.360128
0.795904 0.399408
0.699121 0.427451
0.728715 0.484883
0.723333 0.518057
0.638041 0.597643
0.644902 0.701405
0.651609 0.746022
0.57707 0.835703
