50
100
10
0.17408 0.34221
0.211375 0.302751
0.229569 0.236128
0.153102 0.216733
0.229123 0.177985
0.257281 0.0771324
0.268433 0.0162781
0.282285 0.103711
0.292333 0.112912
0.313551 0.144171
0.335904 0.264094
0.307061 0.263163
0.302177 0.3742
0.596844 0.549614
0.639149 0.359475
0.657137 0.33751
0.607599 0.249108
0.721321 0.234825
0.73508 0.187162
0.649051 0.0904482
0.813304 0.096818
0.841294 0.148742
0.922577 0.230846
0.871263 0.462187
0.981885 0.453828
0.961917 0.576374
0.979858 0.60771
0.885652 0.621081
0.885443 0.621034
0.940316 0.686027
0.966554 0.83318
0.950573 0.954823
0.923785 0.966406
0.704142 0.996032
0.727599 0.924038
0.733993 0.878174
0.727107 0.779392
0.663602 0.793627
0.618919 0.715765
0.465841 0.727092
0.44986 0.825759
0.506705 0.974378
0.375017 0.956677
0.097274 0.989134
0.0053579 0.917635
0.185395 0.869165
0.190045 0.825968
0.220386 0.760701
0.133054 0.621413
0.0385606 0.302458
