30
100
10
0.27582 0.802741
0.368634 0.555914
0.559861 0.478928
0.468482 0.695076
0.443742 0.917201
0.517445 0.977151
0.674615 0.79593
0.826925 0.998027
0.934809 0.996418
0.876726 0.719561
0.858073 0.675493
0.881271 0.578015
0.804313 0.330874
0.733144 0.301283
0.719942 0.259317
0.646287 0.195559
0.667371 0.023541
0.639722 0.0209
0.553941 0.163732
0.527158 0.167199
0.499828 0.227793
0.38259 0.16171
0.251334 0.260303
0.126803 0.199583
0.115147 0.24891
0.10099 0.327575
0.0632179 0.649869
0.185937 0.640581
0.17271 0.739877
0.158164 0.819983
