50
100
10
0.0180313 0.196813
0.0864571 0.306375
0.136065 0.362338
0.177786 0.48048
0.0876364 0.59631
0.0200049 0.708722
0.00791041 0.79023
0.0726214 0.775876
0.180149 0.963041
0.231785 0.660269
0.243538 0.617234
0.313202 0.605451
0.397708 0.572474
0.555727 0.632723
0.505797 0.717057
0.52126 0.754091
0.615917 0.790067
0.509977 0.895896
0.570705 0.98193
0.688468 0.919053
0.967788 0.983769
0.832596 0.82969
0.84416 0.695744
0.786303 0.632148
0.673869 0.4506
0.666469 0.426058
0.750145 0.347641
0.864562 0.356443
0.977796 0.357936
0.993701 0.217203
0.980901 0.0875622
0.937853 0.0330877
0.637392 0.232415
0.614116 0.0719936
0.586152 0.0712347
0.443521 0.124306
0.407464 0.0746479
0.385249 0.127055
0.347124 0.187729
0.45827 0.363354
0.369653 0.449266
0.27502 0.44365
0.268807 0.423695
0.242052 0.251448
0.219525 0.260122
0.167453 0.22913
0.189202 0.198697
0.14651 0.197791
0.0811381 0.0959319
0.052187 0.187458
