30
100
10
0.817025 0.70862
0.866697 0.655339
0.898858 0.609067
0.988925 0.476466
0.929963 0.211168
0.884258 0.181668
0.922705 0.0837034
0.759905 0.0323568
0.620142 0.0372742
0.401353 0.210541
0.364972 0.302407
0.51374 0.393382
0.494524 0.401081
0.326283 0.500753
0.266837 0.47781
0.237829 0.366523
0.0222091 0.171136
0.0101477 0.751569
0.0607708 0.954092
0.167182 0.699319
0.314972 0.746014
0.323798 0.83434
0.357969 0.840197
0.586582 0.739655
0.672302 0.596451
0.732634 0.800554
0.687254 0.880159
0.682421 0.987935
0.779426 0.911522
0.950196 0.849603
