50
100
10
0.432165 0.872458
0.457034 0.606376
0.434264 0.568064
0.711573 0.577572
0.78899 0.614291
0.772462 0.683415
0.768414 0.721019
0.789556 0.921664
0.854859 0.775981
0.889501 0.749137
0.980513 0.835823
0.972859 0.73156
0.925214 0.45626
0.89867 0.377545
0.805034 0.391934
0.772538 0.397056
0.678989 0.313207
0.583699 0.258756
0.793847 0.175507
0.902719 0.237199
0.956633 0.168482
0.980354 0.117449
0.855469 0.0973255
0.85868 0.0797526
0.862339 0.0683642
0.814771 0.0533826
0.703701 0.0728301
0.669394 0.0794886
0.60102 0.0687992
0.498436 0.104522
0.369256 0.149534
0.315532 0.0646976
0.106893 0.0368544
0.264392 0.175265
0.234871 0.248141
0.214774 0.280295
0.116782 0.236288
0.0923172 0.312503
0.182281 0.431278
0.157904 0.468545
0.172112 0.524253
0.0902369 0.648236
0.148117 0.725047
0.00141693 0.858651
0.148327 0.918476
0.272547 0.869694
0.286007 0.920257
0.299782 0.936714
0.285642 0.996604
0.353125 0.920864
