30
100
10
0.210287 0.57369
0.275013 0.522334
0.220083 0.427002
0.211908 0.401185
0.335823 0.410036
0.387374 0.21978
0.438715 0.0683085
0.653395 0.0436889
0.620964 0.139122
0.659704 0.194938
0.653439 0.317904
0.925122 0.1555
0.994265 0.00303417
0.993341 0.165856
0.945774 0.232702
0.955383 0.260275
0.859558 0.305993
0.756523 0.657869
0.868895 0.712391
0.685028 0.855144
0.604973 0.856813
0.502105 0.701323
0.370889 0.56042
0.348306 0.689574
0.201597 0.934434
0.238436 0.990306
0.10029 0.995526
0.0302957 0.623319
0.143476 0.639781
0.183739 0.599282
