50
100
10
0.88415 0.0128575
0.852618 0.0387685
0.823791 0.0605174
0.638081 0.250775
0.575782 0.341833
0.593827 0.388984
0.647455 0.434807
0.604643 0.480542
0.610714 0.546906
0.659765 0.531086
0.761401 0.451365
0.827211 0.355282
0.838361 0.285591
0.87588 0.37284
0.904649 0.406182
0.89844 0.576483
0.809 0.662434
0.857538 0.78781
0.955448 0.880179
0.942263 0.919292
0.771785 0.8994
0.532932 0.647665
0.536367 0.722633
0.516124 0.892145
0.511649 0.911186
0.390195 0.971727
0.35759 0.907709
0.379165 0.875727
0.238917 0.790194
0.142739 0.707441
0.0920868 0.664737
0.0152493 0.625223
0.142248 0.538033
0.304244 0.476442
0.47899 0.404844
0.458092 0.304483
0.34351 0.268881
0.299116 0.241281
0.269465 0.280306
0.176794 0.277526
0.00254167 0.285304
0.272239 0.171013
0.285456 0.017355
0.338043 0.0361561
0.399834 0.122363
0.418389 0.117385
0.438795 0.161336
0.54206 0.0531075
0.528544 0.000152351
0.692646 0.000584862
