30
100
10
0.396739 0.409936
0.300044 0.387322
0.222846 0.390078
0.230281 0.398429
0.2491 0.485634
0.301224 0.534852
0.375918 0.625406
0.267158 0.642378
0.126197 0.884016
0.138222 0.815591
0.108898 0.6062
0.0238354 0.442645
0.0282513 0.432414
0.190678 0.222873
0.108179 0.0615254
0.234808 0.154573
0.308207 0.0998811
0.333747 0.257608
0.614365 0.175927
0.863808 0.246681
0.869189 0.323306
0.867681 0.440806
0.852414 0.471496
0.757725 0.668092
0.86772 0.752533
0.857131 0.852325
0.832723 0.971988
0.616445 0.976739
0.58 0.839164
0.541895 0.491902
