30
100
10
0.223856 0.550276
0.209608 0.159995
0.227235 0.0694907
0.518699 0.107307
0.577136 0.202948
0.56852 0.248974
0.551329 0.286695
0.545385 0.367382
0.641296 0.461213
0.691926 0.397732
0.693329 0.244495
0.900515 0.174554
0.823564 0.255187
0.839924 0.370831
0.948008 0.415658
0.96414 0.423867
0.864329 0.915782
0.793695 0.87352
0.686667 0.834353
0.617051 0.724204
0.561923 0.842226
0.553847 0.995637
0.319672 0.844286
0.290915 0.77826
0.202477 0.98274
0.105351 0.895806
0.0764674 0.740438
0.0347326 0.689692
0.0393663 0.663569
0.0833275 0.515491
