30
100
10
0.453024 0.766823
0.377669 0.681743
0.356336 0.678077
0.224574 0.979502
0.17406 0.90475
0.127103 0.800817
0.0551147 0.790974
0.154964 0.724067
0.070963 0.581143
0.0619281 0.55653
0.00995161 0.388457
0.112545 0.500507
0.14057 0.536317
0.297308 0.571464
0.266954 0.432783
0.261197 0.334495
0.175557 0.267508
0.20494 0.0431736
0.472718 0.0146616
0.607114 0.126745
0.631602 0.0676282
0.910486 0.060138
0.868905 0.107928
0.893568 0.207794
0.747707 0.394526
0.55464 0.466137
0.827309 0.534646
0.818599 0.575138
0.803946 0.937432
0.571192 0.967879
