30
100
10
0.364051 0.741566
0.311785 0.844236
0.311083 0.852852
0.483532 0.963629
0.62555 0.805273
0.661665 0.795907
0.714351 0.908821
0.720256 0.997148
0.899761 0.883201
0.84683 0.580302
0.820241 0.489695
0.872901 0.465249
0.945367 0.437498
0.954752 0.383293
0.848891 0.394963
0.616357 0.504798
0.488801 0.366051
0.522189 0.233928
0.463533 0.183283
0.364461 0.134049
0.322046 0.0286797
0.0361354 0.0529843
0.182849 0.175101
0.188565 0.211291
0.107739 0.413225
0.0103002 0.489504
0.212114 0.6978
0.107618 0.774616
0.208439 0.82209
0.262607 0.800586
