30
100
10
0.72304 0.596421
0.633131 0.81516
0.807569 0.883253
0.957418 0.882734
0.869535 0.626647
0.906143 0.599704
0.990058 0.42663
0.973315 0.155844
0.910225 0.0334832
0.763712 0.0593945
0.743618 0.11932
0.815388 0.203996
0.842931 0.178899
0.876631 0.231739
0.830381 0.304267
0.658781 0.336742
0.570865 0.338092
0.374703 0.406876
0.309364 0.346668
0.119022 0.0726525
0.153252 0.357714
0.178873 0.803696
0.214621 0.895455
0.132047 0.947476
0.209095 0.974445
0.312914 0.999974
0.530523 0.932135
0.499613 0.855085
0.460111 0.678485
0.542326 0.559716
