30
100
10
0.332964 0.0427482
0.226544 0.21606
0.258156 0.313487
0.308011 0.347165
0.459909 0.268056
0.522877 0.357135
0.39844 0.406966
0.317352 0.441286
0.358475 0.518111
0.332195 0.561384
0.304796 0.520919
0.22685 0.496326
0.135574 0.536526
0.177212 0.910991
0.161938 0.95151
0.375984 0.945879
0.385345 0.935872
0.567935 0.900121
0.677716 0.991309
0.719029 0.995274
0.994074 0.890909
0.578027 0.702804
0.491601 0.602529
0.532433 0.465246
0.647527 0.433695
0.745552 0.485224
0.870585 0.560379
0.983357 0.311426
0.714054 0.19811
0.472397 0.0188499
