50
100
10
0.736047 0.873221
0.798563 0.765364
0.863115 0.913475
0.965793 0.992438
0.902181 0.864476
0.966439 0.723661
0.902887 0.654276
0.942013 0.544461
0.974046 0.435383
0.771588 0.425168
0.696229 0.347722
0.657568 0.28197
0.825131 0.231287
0.76612 0.0667577
0.539451 0.20587
0.251865 0.0833447
0.225384 0.151142
0.171057 0.155926
0.184209 0.0459953
0.115126 0.0864056
0.0661766 0.137523
0.0512354 0.139729
0.116906 0.250386
0.0490639 0.360644
0.132372 0.451029
0.110059 0.528299
0.0393455 0.710726
0.183519 0.722118
0.274408 0.691738
0.211105 0.62336
0.214063 0.560849
0.237548 0.41574
0.248255 0.385069
0.25639 0.337884
0.357241 0.366834
0.376395 0.34051
0.480633 0.442816
0.434282 0.541271
0.40571 0.626596
0.383546 0.655132
0.485342 0.751039
0.459697 0.762336
0.34097 0.855248
0.280216 0.993248
0.327208 0.978602
0.52276 0.876179
0.595056 0.77915
0.64228 0.831753
0.605212 0.86474
0.68419 0.976446
