30
100
10
0.313114 0.951056
0.446264 0.667991
0.70079 0.787499
0.711077 0.855302
0.938641 0.878128
0.963275 0.905183
0.972811 0.760021
0.956821 0.657444
0.8956 0.71045
0.836164 0.69046
0.884191 0.547482
0.81678 0.585479
0.682537 0.578828
0.74704 0.3847
0.826259 0.409338
0.924747 0.409539
0.97072 0.353162
0.894616 0.219761
0.789212 0.0695718
0.761843 0.0787622
0.72935 0.0466196
0.670625 0.121962
0.573174 0.20514
0.410885 0.115418
0.289333 0.157602
0.108262 0.285925
0.280393 0.41672
0.112751 0.527347
0.177338 0.658764
0.18479 0.683828
