30
100
10
0.657297 0.483614
0.677962 0.483099
0.789759 0.559948
0.723402 0.6665
0.608905 0.959917
0.91687 0.898495
0.883488 0.857551
0.81587 0.746283
0.812878 0.725915
0.934063 0.612156
0.912262 0.525656
0.790354 0.326945
0.692745 0.211549
0.732437 0.178199
0.773275 0.141185
0.822924 0.024424
0.631237 0.077898
0.603543 0.0114612
0.462501 0.0250283
0.0416808 0.248823
0.0430475 0.311769
0.210264 0.521167
0.26502 0.557867
0.227223 0.737972
0.0722938 0.991832
0.283783 0.858459
0.355275 0.698978
0.42914 0.743853
0.485574 0.639405
0.538494 0.46772
