50
100
10
0.419729 0.392303
0.445215 0.317517
0.56368 0.237752
0.557584 0.147101
0.638613 0.0362833
0.772586 0.102587
0.770902 0.0316156
0.909792 0.0201923
0.897661 0.239575
0.898885 0.460221
0.736613 0.401908
0.719844 0.430331
0.698256 0.496648
0.62118 0.622552
0.648872 0.694139
0.696511 0.694431
0.727259 0.643211
0.761966 0.660228
0.932968 0.661133
0.958645 0.724018
0.98885 0.7652
0.913082 0.975334
0.8608 0.853387
0.780555 0.885165
0.705073 0.912776
0.566378 0.797252
0.566673 0.756135
0.533834 0.69594
0.521313 0.625541
0.504247 0.749275
0.318492 0.810243
0.378775 0.883226
0.390087 0.978197
0.12776 0.97365
0.186715 0.809816
0.193095 0.763707
0.0827163 0.633085
0.103549 0.614865
0.173599 0.543488
0.0166967 0.497578
0.156876 0.20323
0.134203 0.0833909
0.0285865 0.0380811
0.247607 0.000961706
0.28893 0.155014
0.32544 0.14357
0.3705 0.14536
0.304344 0.400578
0.382743 0.479461
0.439989 0.434065
