30
100
10
0.713385 0.665876
0.787239 0.649868
0.855998 0.581242
0.839839 0.457755
0.911973 0.370277
0.936482 0.173963
0.98508 0.0709423
0.979406 0.0477907
0.883532 0.0392602
0.854104 0.185946
0.82531 0.188796
0.670517 0.175442
0.484612 0.0870261
0.275822 0.24589
0.0356509 0.0126708
0.0270593 0.309922
0.214945 0.398164
0.398785 0.46571
0.348957 0.569304
0.243548 0.610108
0.182457 0.519369
0.0627111 0.760414
0.0609167 0.779086
0.21883 0.872535
0.711234 0.847764
0.782589 0.915021
0.927692 0.901515
0.965032 0.81824
0.895554 0.743329
0.831356 0.69064
