30
100
10
0.526748 0.110053
0.190438 0.00113383
0.0450671 0.00935676
0.0858769 0.217135
0.17789 0.115177
0.220837 0.148125
0.371425 0.324045
0.434098 0.399459
0.544498 0.351685
0.525325 0.505372
0.358764 0.592262
0.400593 0.699785
0.343826 0.724602
0.229973 0.719761
0.272596 0.802466
0.175263 0.869151
0.126863 0.898173
0.29979 0.968165
0.452971 0.792226
0.700639 0.624535
0.760391 0.827932
0.831466 0.846268
0.922022 0.752761
0.999146 0.675255
0.918152 0.639003
0.967327 0.515968
0.961445 0.0123937
0.90591 0.0787054
0.567572 0.222236
0.543927 0.16287
