50
100
10
0.805129 0.301238
0.670688 0.386988
0.638596 0.398667
0.520758 0.369982
0.347664 0.372446
0.371773 0.517548
0.424765 0.516104
0.396411 0.606413
0.4173 0.626694
0.535187 0.605894
0.592538 0.651076
0.790816 0.552746
0.865298 0.560477
0.898902 0.874876
0.841032 0.970445
0.706799 0.879582
0.556986 0.99241
0.493199 0.964311
0.482903 0.804828
0.446838 0.852814
0.279928 0.998127
0.152059 0.998742
0.153974 0.882856
0.0692659 0.854768
0.0994761 0.790655
0.04153 0.730103
0.0915074 0.573907
0.226243 0.669084
0.203822 0.564742
0.168624 0.526765
0.154022 0.523584
0.179801 0.45883
0.172423 0.430392
0.071543 0.383353
0.0840606 0.288286
0.0335664 0.261933
0.25823 0.0448539
0.394456 0.194269
0.397408 0.25345
0.458357 0.230496
0.50046 0.11183
0.581486 0.0193198
0.673511 0.0768556
0.679447 0.204907
0.707582 0.261674
0.72556 0.267232
0.845947 0.191961
0.972574 0.141006
0.852895 0.319812
0.836909 0.349194
