50
100
10
0.000216446 0.218917
0.0486116 0.11665
0.0343346 0.0964897
0.0332547 0.00760753
0.12316 0.174057
0.192039 0.138386
0.319812 0.0526534
0.484384 0.115211
0.520416 0.199891
0.622094 0.0601013
0.69371 0.172336
0.78685 0.0867156
0.90921 0.0285297
0.908317 0.133211
0.775818 0.24974
0.77806 0.330682
0.8681 0.338435
0.927394 0.400011
0.963505 0.472635
0.867406 0.463782
0.842725 0.505444
0.778164 0.570501
0.615731 0.593047
0.560271 0.749311
0.63778 0.71793
0.872646 0.784595
0.95631 0.822019
0.988456 0.912035
0.656071 0.90174
0.493117 0.896208
0.44437 0.891337
0.337635 0.793106
0.280477 0.744588
0.172646 0.810191
0.192232 0.856556
0.0932403 0.96636
0.0908844 0.890899
0.063235 0.648463
0.0108697 0.54358
0.184553 0.439625
0.25047 0.512044
0.312444 0.453379
0.351764 0.442921
0.596234 0.41584
0.544436 0.376467
0.400998 0.315199
0.299989 0.280693
0.265741 0.267786
0.176902 0.30114
0.0523811 0.255274
