30
100
10
0.753662 0.955511
0.580251 0.906425
0.490337 0.942901
0.455775 0.821144
0.458423 0.726264
0.469638 0.658453
0.350828 0.704932
0.333198 0.759475
0.185487 0.78304
0.0565276 0.946112
0.0212916 0.473106
0.025291 0.466299
0.11786 0.344296
0.151279 0.0258773
0.164634 0.0111721
0.380393 0.174315
0.635658 0.273487
0.714601 0.157847
0.764045 0.0357946
0.979267 0.171749
0.967046 0.333913
0.807019 0.320359
0.751698 0.311791
0.68433 0.325735
0.489984 0.515499
0.633162 0.526238
0.841234 0.545026
0.992537 0.620917
0.941807 0.910748
0.861936 0.988337
