30
100
10
0.263712 0.698176
0.404135 0.55215
0.430826 0.562719
0.438636 0.501729
0.297801 0.440644
0.250326 0.401807
0.121839 0.388189
0.132398 0.218549
0.0306203 0.21282
0.00985357 0.117306
0.124083 0.0564026
0.653966 0.038278
0.659278 0.146579
0.788444 0.120257
0.984054 0.157501
0.842451 0.284246
0.881237 0.297652
0.916994 0.367185
0.992024 0.616869
0.959656 0.607277
0.821348 0.517083
0.788104 0.548127
0.557427 0.567986
0.613363 0.667847
0.558132 0.704042
0.735632 0.829229
0.496142 0.890509
0.273216 0.994708
0.175263 0.953746
0.126881 0.909018
