30
100
10
0.295927 0.849332
0.264061 0.733915
0.409453 0.566527
0.468543 0.576373
0.517464 0.395869
0.581753 0.39792
0.605782 0.481597
0.608574 0.665024
0.533188 0.784608
0.694449 0.891213
0.807608 0.904684
0.870487 0.858094
0.881384 0.76276
0.732297 0.73393
0.768633 0.598569
0.957625 0.286097
0.891141 0.239994
0.994438 0.0893592
0.863656 0.0099618
0.663572 0.223695
0.381657 0.187069
0.0893266 0.189265
0.265372 0.489932
0.131734 0.58439
0.0804788 0.697534
0.099321 0.761628
0.0917522 0.783775
0.0663049 0.845814
0.125356 0.85244
0.131836 0.947689
