30
100
10
0.141055 0.0333326
0.496753 0.0159976
0.502607 0.0977032
0.603323 0.152411
0.660589 0.140943
0.613227 0.362591
0.58622 0.40668
0.704138 0.428577
0.694535 0.365444
0.764812 0.324271
0.797713 0.174747
0.925129 0.0695864
0.955785 0.0804347
0.971002 0.350197
0.936917 0.57917
0.923889 0.982625
0.811278 0.926284
0.494987 0.961967
0.465214 0.939787
0.480212 0.863077
0.585448 0.777945
0.598861 0.726503
0.579755 0.553928
0.484477 0.574325
0.327423 0.550355
0.387355 0.435488
0.276857 0.391033
0.228521 0.501851
0.076563 0.667109
0.014658 0.425401
