50
100
10
0.523885 0.597416
0.621117 0.684164
0.662805 0.801106
0.811382 0.786582
0.781691 0.828782
0.768056 0.99234
0.710598 0.934601
0.490339 0.928609
0.461162 0.873684
0.437151 0.887093
0.437529 0.900004
0.192235 0.843522
0.131496 0.86832
0.1486 0.791951
0.242121 0.751987
0.221799 0.719214
0.218011 0.6668
0.237199 0.609762
0.339945 0.563845
0.306143 0.532656
0.359162 0.44481
0.245762 0.409191
0.209653 0.471441
0.16882 0.624938
0.122019 0.663252
0.104677 0.593073
0.0379534 0.608971
0.0456151 0.575321
0.00611651 0.491913
0.051436 0.440538
0.095505 0.225073
0.0458537 0.159972
0.112166 0.117525
0.272223 0.0519702
0.265976 0.127218
0.319238 0.216843
0.326705 0.206882
0.349432 0.217584
0.410868 0.103165
0.665635 0.059094
0.821895 0.158294
0.911959 0.14482
0.95636 0.0648326
0.959098 0.178924
0.872597 0.287974
0.714034 0.263626
0.601401 0.204373
0.615364 0.273496
0.563356 0.470533
0.651886 0.517985
