30
100
10
0.535076 0.628735
0.532753 0.517949
0.673354 0.522125
0.858381 0.691582
0.844595 0.792447
0.891183 0.78366
0.935747 0.962587
0.987049 0.904018
0.975538 0.722046
0.917514 0.659111
0.92229 0.643465
0.860408 0.248512
0.821767 0.0567217
0.714199 0.161758
0.447856 0.0699394
0.409196 0.234849
0.209531 0.136339
0.0694606 0.267095
0.239467 0.247718
0.314572 0.391134
0.344857 0.42285
0.356042 0.552688
0.182426 0.547344
0.109917 0.701572
0.258614 0.833299
0.384851 0.8809
0.433043 0.852351
0.428852 0.808698
0.31285 0.700899
0.44277 0.611278
