30
100
10
0.476426 0.674473
0.292115 0.609293
0.359529 0.586175
0.478974 0.563769
0.574773 0.509731
0.622151 0.639093
0.773106 0.760586
0.863472 0.730563
0.9042 0.470606
0.853551 0.294907
0.715691 0.342445
0.712855 0.278284
0.677691 0.248406
0.734219 0.00920102
0.535551 0.140666
0.466254 0.329984
0.0873432 0.0412184
0.025004 0.145666
0.261042 0.347879
0.249763 0.438829
0.215366 0.430661
0.168513 0.490309
0.0633084 0.52635
0.0309672 0.880163
0.109699 0.797527
0.270316 0.801805
0.294332 0.931058
0.445602 0.917643
0.540764 0.901884
0.41895 0.765034
