30
100
10
0.406358 0.921793
0.556841 0.944548
0.659802 0.961842
0.972866 0.995924
0.69991 0.559568
0.682667 0.549947
0.64936 0.567705
0.617984 0.310531
0.717007 0.231361
0.944873 0.26914
0.83457 0.12536
0.873579 0.00263317
0.720732 0.00239367
0.619285 0.139081
0.38567 0.0550029
0.308176 0.0901166
0.288762 0.0667828
0.275191 0.0916906
0.193203 0.233139
0.0113311 0.180646
0.0509266 0.255431
0.0940842 0.358536
0.0778027 0.376809
0.161347 0.412666
0.334459 0.34927
0.319727 0.422919
0.114743 0.630616
0.127273 0.952443
0.155336 0.911953
0.235772 0.845603
