50
100
10
0.446762 0.230452
0.402286 0.259533
0.62673 0.270274
0.637312 0.340406
0.780618 0.233664
0.861635 0.105493
0.842434 0.0728197
0.883019 0.00563034
0.903771 0.054013
0.933277 0.200288
0.783682 0.394545
0.778666 0.498243
0.699495 0.531819
0.656266 0.567938
0.606648 0.56113
0.449642 0.447001
0.401249 0.575102
0.44031 0.690069
0.551703 0.712216
0.596352 0.698015
0.733758 0.733716
0.831541 0.757096
0.847733 0.786653
0.982491 0.878335
0.867763 0.907006
0.856117 0.939171
0.78836 0.850891
0.755754 0.891448
0.482107 0.844511
0.418829 0.853644
0.4118 0.992013
0.137868 0.949111
0.0959574 0.60823
0.12834 0.557908
0.119903 0.50421
0.201722 0.552635
0.289137 0.538732
0.357854 0.490859
0.294846 0.393066
0.274642 0.338224
0.231854 0.391071
0.170445 0.384776
0.0221028 0.444626
0.0561513 0.269012
0.0913667 0.219489
0.0962245 0.158637
0.0384206 0.0754642
0.133807 0.00799113
0.480363 0.0207292
0.466535 0.178433
