50
100
10
0.223124 0.877287
0.176183 0.838736
0.165347 0.834139
0.0791685 0.89501
0.00581825 0.77016
0.0560177 0.6476
0.318409 0.494423
0.332907 0.449163
0.459035 0.523194
0.455082 0.458526
0.478241 0.469454
0.481739 0.461695
0.543414 0.411179
0.438455 0.385093
0.415023 0.338726
0.219323 0.249594
0.130625 0.30974
0.025347 0.198071
0.10017 0.200562
0.242229 0.0942514
0.381184 0.0999823
0.433179 0.134837
0.576607 0.131642
0.632321 0.152595
0.6898 0.165814
0.69356 0.0685619
0.747286 0.0473911
0.942866 0.107392
0.944086 0.292381
0.994082 0.376045
0.902667 0.322121
0.816887 0.355099
0.836059 0.278622
0.739527 0.221365
0.702015 0.327393
0.687135 0.353699
0.706778 0.379473
0.703514 0.429787
0.834572 0.575136
0.876858 0.555893
0.991332 0.670924
0.889414 0.741807
0.913862 0.762738
0.931149 0.807748
0.990861 0.959979
0.753653 0.894099
0.713478 0.830641
0.722168 0.769496
0.591756 0.808504
0.315079 0.956496
