50
100
10
0.163611 0.109604
0.308771 0.0126347
0.612909 0.079402
0.672614 0.0888463
0.970497 0.00846657
0.735597 0.163363
0.592736 0.246129
0.725459 0.292182
0.671055 0.420095
0.702128 0.480798
0.747482 0.449117
0.795034 0.40593
0.931736 0.346214
0.994 0.567491
0.882225 0.524631
0.825048 0.580101
0.846823 0.810861
0.97275 0.914597
0.859673 0.961397
0.844856 0.903818
0.732339 0.953291
0.741523 0.88198
0.707594 0.789074
0.639249 0.890602
0.537963 0.963353
0.466517 0.970504
0.179 0.937611
0.0921325 0.873758
0.191208 0.819574
0.405233 0.719458
0.458093 0.740732
0.456011 0.668
0.511209 0.672968
0.556164 0.633249
0.478861 0.465183
0.347323 0.410318
0.352707 0.317766
0.273974 0.302835
0.292299 0.404953
0.281138 0.448119
0.184568 0.494843
0.100974 0.585659
0.128091 0.389829
0.138592 0.351694
0.145621 0.322193
0.086946 0.266683
0.100508 0.133819
0.0421378 0.137155
0.0134221 0.0626294
0.0752641 0.0278457
