50
100
10
0.390991 0.748765
0.262826 0.660633
0.269642 0.451766
0.270494 0.345936
0.317706 0.366248
0.431965 0.342298
0.466401 0.325306
0.5337 0.252764
0.448444 0.176638
0.312963 0.191504
0.200531 0.158452
0.0708452 0.0275945
0.049427 0.287518
0.140571 0.375298
0.139333 0.512927
0.0509329 0.674129
0.149836 0.804779
0.078264 0.91049
0.0203306 0.947019
0.326749 0.991384
0.395833 0.923983
0.525987 0.904247
0.601716 0.87649
0.728604 0.938559
0.89016 0.982913
0.904085 0.920732
0.961965 0.915828
0.897491 0.843693
0.895497 0.846632
0.77787 0.81322
0.712418 0.732328
0.676524 0.616029
0.730797 0.680706
0.793651 0.690569
0.826319 0.723582
0.943332 0.632257
0.853137 0.52728
0.974555 0.410212
0.951642 0.264017
0.895626 0.192505
0.929932 0.0402285
0.834837 0.0464674
0.827063 0.237381
0.854387 0.327351
0.791296 0.289169
0.728762 0.34617
0.596544 0.458959
0.554874 0.545669
0.574951 0.608323
0.524899 0.672561
