30
100
10
0.976286 0.614761
0.905508 0.452262
0.933424 0.236843
0.765679 0.012188
0.557175 0.150918
0.697385 0.418846
0.615569 0.43231
0.396619 0.533461
0.445258 0.464991
0.467951 0.342068
0.262536 0.106245
0.0528079 0.0201098
0.0798353 0.293547
0.202455 0.361706
0.0292488 0.63701
0.0341418 0.831144
0.324455 0.737767
0.360123 0.792406
0.438956 0.771742
0.403969 0.92316
0.561023 0.872583
0.589681 0.774225
0.849726 0.999912
0.857823 0.99365
0.896811 0.895132
0.924498 0.857911
0.992858 0.837538
0.965771 0.758537
0.866233 0.750193
0.92275 0.673516
