30
100
10
0.228684 0.548894
0.019582 0.503102
0.0537594 0.669803
0.136831 0.712198
0.167711 0.733384
0.218102 0.944195
0.503972 0.808114
0.483515 0.923662
0.568849 0.958388
0.795554 0.955436
0.703819 0.819557
0.685961 0.745431
0.855705 0.720167
0.842012 0.683117
0.861831 0.577299
0.877679 0.527209
0.908646 0.45543
0.783234 0.463733
0.765797 0.254809
0.774471 0.230531
0.819739 0.237684
0.924612 0.212275
0.903419 0.0826799
0.508456 0.0361482
0.520312 0.334387
0.447297 0.378279
0.423882 0.485352
0.558541 0.536787
0.472556 0.640803
0.247376 0.651226
