30
100
10
0.539978 0.830981
0.583339 0.800926
0.636935 0.604288
0.76367 0.660317
0.753071 0.577938
0.802859 0.583339
0.986726 0.524008
0.887072 0.025975
0.630263 0.28444
0.600579 0.303648
0.433074 0.193416
0.491298 0.0336522
0.432729 0.0589972
0.0563059 0.0792532
0.0209494 0.185801
0.15783 0.195923
0.388806 0.410448
0.497064 0.547604
0.35832 0.536908
0.326212 0.557148
0.297714 0.509043
0.219618 0.484042
0.237009 0.570694
0.320139 0.648924
0.239737 0.712514
0.112905 0.7368
0.163262 0.796721
0.0330506 0.983192
0.260118 0.915764
0.352928 0.878822
