30
100
10
0.0905193 0.414528
0.0833924 0.398304
0.0400317 0.323668
0.135298 0.270057
0.130438 0.203734
0.160212 0.0367102
0.245229 0.0801244
0.307608 0.141968
0.412026 0.417459
0.581011 0.232488
0.599742 0.123647
0.63272 0.0755271
0.926586 0.0909828
0.905397 0.442906
0.991353 0.499639
0.975459 0.515043
0.996679 0.683922
0.791708 0.573894
0.732127 0.519618
0.512062 0.687533
0.593403 0.745685
0.498861 0.889875
0.530244 0.977356
0.494914 0.95788
0.3692 0.82097
0.332976 0.748303
0.00759037 0.659074
0.0247039 0.572364
0.0573776 0.559305
0.16651 0.390354
