30
100
10
0.19646 0.154442
0.200184 0.165501
0.444499 0.435718
0.574169 0.450298
0.393617 0.50416
0.345365 0.644683
0.242595 0.758836
0.142422 0.923981
0.0547629 0.998628
0.264814 0.893702
0.304824 0.825597
0.47028 0.743641
0.601219 0.650189
0.652538 0.668825
0.704073 0.745812
0.809643 0.959539
0.82955 0.609763
0.74444 0.507409
0.741504 0.412213
0.924385 0.290057
0.936169 0.283056
0.980018 0.0114289
0.789835 0.120845
0.755069 0.203431
0.657143 0.166932
0.645882 0.22452
0.629262 0.291206
0.565922 0.199913
0.458375 0.153709
0.370363 0.199879
