50
100
10
0.660773 0.62064
0.645435 0.531323
0.721748 0.414277
0.724622 0.394255
0.677 0.416429
0.625357 0.389736
0.603668 0.288687
0.577514 0.292908
0.528742 0.295798
0.490847 0.469495
0.420401 0.49128
0.326017 0.652796
0.412104 0.679544
0.414603 0.704648
0.433688 0.816573
0.333565 0.85213
0.168089 0.983027
0.164415 0.918494
0.146476 0.828862
0.0257889 0.597211
0.0692795 0.576725
0.0791761 0.546975
0.0637183 0.503527
0.0691655 0.383738
0.000818376 0.346931
0.0752821 0.33245
0.142211 0.350573
0.179435 0.390122
0.226519 0.145023
0.156324 0.0374615
0.47808 0.136282
0.637458 0.154131
0.672695 0.104863
0.786454 0.044878
0.875463 0.0499501
0.926013 0.119197
0.921445 0.202416
0.927656 0.580164
0.885535 0.72999
0.868851 0.824871
0.961153 0.922263
0.655449 0.909588
0.648485 0.944628
0.615826 0.916874
0.541839 0.897915
0.494984 0.872866
0.539301 0.80332
0.503471 0.73044
0.464227 0.674274
0.549347 0.638153
