50
100
10
0.97364 0.393749
0.936813 0.589805
0.920267 0.711971
0.868545 0.874926
0.85981 0.653273
0.772932 0.644788
0.752234 0.644365
0.687761 0.6685
0.587566 0.603196
0.70203 0.470359
0.599496 0.424197
0.52163 0.340379
0.557336 0.468838
0.386482 0.536924
0.358231 0.617152
0.397727 0.720104
0.499353 0.745115
0.555652 0.76338
0.604599 0.780598
0.523782 0.897056
0.528329 0.945797
0.580553 0.996538
0.465144 0.960234
0.29736 0.994167
0.220751 0.942646
0.258204 0.827001
0.250011 0.821792
0.270773 0.803678
0.258305 0.761996
0.211545 0.796677
0.115023 0.756233
0.220348 0.643352
0.238215 0.624574
0.192078 0.518111
0.287811 0.483305
0.209295 0.413574
0.0820741 0.444048
0.0412688 0.371973
0.133198 0.113287
0.206045 0.130658
0.298709 0.148358
0.317591 0.107045
0.413624 0.165883
0.483238 0.217378
0.529022 0.231844
0.575883 0.156356
0.609028 0.215272
0.638307 0.175379
0.792531 0.108882
0.942335 0.0128794
