30
100
10
0.625229 0.0462937
0.377155 0.0407493
0.168358 0.274453
0.203414 0.3275
0.359024 0.416877
0.482325 0.33362
0.608073 0.425947
0.557557 0.465472
0.548271 0.602047
0.491623 0.585195
0.252788 0.634783
0.222533 0.650683
0.100436 0.608823
0.0976556 0.667593
0.0944037 0.701539
0.214473 0.916582
0.688621 0.811604
0.845125 0.964948
0.868606 0.612426
0.890223 0.589279
0.88076 0.553026
0.978183 0.488833
0.946346 0.46682
0.841591 0.330861
0.7673 0.394076
0.74456 0.255847
0.71216 0.233823
0.897298 0.181783
0.978972 0.0786189
0.882349 0.0560638
