30
100
10
0.992203 0.714931
0.738918 0.941468
0.551382 0.832042
0.523539 0.72985
0.450312 0.801108
0.445635 0.869071
0.435124 0.874234
0.372335 0.911604
0.120358 0.744453
0.0962958 0.488571
0.0555084 0.42386
0.172686 0.376692
0.0208377 0.199745
0.112234 0.151804
0.11135 0.00477433
0.306969 0.231193
0.31816 0.393173
0.372575 0.429718
0.390086 0.540293
0.689832 0.556985
0.686614 0.296659
0.54809 0.0239877
0.753876 0.155868
0.848899 0.203931
0.94726 0.181275
0.816029 0.301633
0.858618 0.324157
0.900321 0.382384
0.873845 0.505861
0.912432 0.660324
