50
100
10
0.959291 0.370318
0.954435 0.0832642
0.767196 0.0603755
0.722416 0.0401884
0.686414 0.0125866
0.640014 0.0129848
0.666362 0.0808362
0.504068 0.101856
0.451155 0.258101
0.350265 0.340108
0.382788 0.204909
0.328262 0.190482
0.356874 0.0474549
0.0517613 0.0364165
0.0581511 0.337097
0.0497976 0.446984
0.151068 0.613422
0.114443 0.748623
0.0360011 0.915803
0.0437053 0.991164
0.242491 0.849258
0.25105 0.701842
0.285336 0.649997
0.302752 0.551739
0.342747 0.599365
0.420362 0.670065
0.508976 0.545243
0.535685 0.625653
0.600199 0.611168
0.598208 0.640905
0.502233 0.744048
0.400997 0.851723
0.597506 0.844888
0.705828 0.854071
0.700009 0.980293
0.860546 0.881639
0.989916 0.992949
0.95353 0.868071
0.975064 0.801419
0.983651 0.754609
0.896713 0.725535
0.848035 0.652554
0.796405 0.680945
0.804274 0.596722
0.808999 0.543596
0.893007 0.501333
0.665841 0.441071
0.683049 0.269429
0.746975 0.305043
0.804423 0.349411
