30
100
10
0.444465 0.425868
0.412823 0.418246
0.48531 0.367014
0.697821 0.609089
0.807844 0.874851
0.982611 0.985781
0.928958 0.864629
0.977313 0.537153
0.8307 0.50309
0.968681 0.287783
0.842306 0.242705
0.694159 0.275165
0.654797 0.137025
0.473841 0.0571486
0.438056 0.136241
0.395604 0.172599
0.170471 0.210144
0.000870849 0.453991
0.136154 0.558362
0.131002 0.564365
0.213485 0.635245
0.177031 0.681435
0.189988 0.71204
0.0123531 0.716804
0.0620073 0.993977
0.290524 0.785157
0.412005 0.764365
0.509585 0.851779
0.552012 0.759392
0.476196 0.543825
