50
100
10
0.042298 0.265186
0.010174 0.20873
0.0525211 0.138137
0.187421 0.0735435
0.353191 0.19874
0.377265 0.334324
0.411288 0.290349
0.450847 0.309807
0.469108 0.379272
0.440892 0.387455
0.428889 0.410234
0.410375 0.453453
0.375176 0.493145
0.470328 0.592514
0.693524 0.602645
0.686517 0.521887
0.676189 0.510076
0.660393 0.497609
0.629359 0.396167
0.566575 0.40533
0.543055 0.419534
0.582685 0.354922
0.595936 0.303721
0.574993 0.229537
0.604435 0.176212
0.473574 0.142839
0.507238 0.0787804
0.591959 0.0899225
0.664301 0.0534532
0.668405 0.138506
0.77884 0.18533
0.854361 0.136213
0.914925 0.115406
0.932121 0.0689653
0.990738 0.0406468
0.912679 0.272238
0.968686 0.387439
0.935002 0.405695
0.8444 0.632987
0.821175 0.761201
0.99821 0.778379
0.954592 0.880944
0.964408 0.899227
0.697245 0.918231
0.555484 0.783357
0.531149 0.874278
0.305686 0.9652
0.15404 0.819596
0.147768 0.542038
0.211805 0.288193
