30
100
10
0.933474 0.299384
0.871799 0.456235
0.80772 0.649158
0.941324 0.789942
0.957287 0.813834
0.837304 0.865505
0.793251 0.919548
0.728074 0.86604
0.707321 0.938132
0.517276 0.95228
0.5606 0.855731
0.515198 0.7991
0.600925 0.535794
0.503506 0.535072
0.348764 0.648645
0.291073 0.775388
0.198175 0.967712
0.142098 0.885589
0.0526524 0.909419
0.0482851 0.722898
0.219393 0.607026
0.0489037 0.381654
0.0198735 0.249185
0.153142 0.163314
0.214787 0.101556
0.45955 0.0873883
0.522761 0.179198
0.389576 0.251087
0.478582 0.261375
0.588403 0.295239
