30
100
10
0.100108 0.310242
0.379039 0.349317
0.534004 0.440985
0.576327 0.314623
0.69344 0.313828
0.678017 0.235767
0.409132 0.0766747
0.51766 0.0391905
0.738594 0.0815082
0.822254 0.0874096
0.961657 0.0889214
0.844751 0.171758
0.832612 0.254344
0.874476 0.279661
0.809692 0.340697
0.890595 0.487352
0.980929 0.611932
0.780915 0.687428
0.90997 0.941739
0.59262 0.942649
0.497038 0.842246
0.55039 0.707088
0.438238 0.590608
0.269875 0.719524
0.19444 0.943136
0.0439529 0.873096
0.207642 0.57212
0.249209 0.499451
0.114894 0.427629
0.0281249 0.260492
