30
100
10
0.429803 0.286077
0.46012 0.0158084
0.193761 0.0865341
0.121401 0.0103812
0.0802943 0.0739563
0.1113 0.26346
0.167305 0.257767
0.30262 0.274055
0.275369 0.316465
0.288814 0.507108
0.351359 0.559528
0.16049 0.591433
0.0816979 0.694545
0.214044 0.794834
0.362787 0.906746
0.520827 0.970707
0.519803 0.88966
0.434867 0.702767
0.569909 0.786943
0.904509 0.714633
0.917408 0.538345
0.978092 0.377528
0.781163 0.523278
0.742633 0.489413
0.705246 0.472761
0.687858 0.427101
0.627529 0.484866
0.580578 0.419168
0.554154 0.41296
0.49818 0.361742
