50
100
10
0.795389 0.157245
0.678805 0.147976
0.64178 0.172623
0.693535 0.268996
0.663026 0.305391
0.426908 0.337771
0.399919 0.222402
0.495016 0.165617
0.529805 0.13678
0.53576 0.115515
0.443252 0.139783
0.33764 0.110491
0.149531 0.164733
0.0820384 0.0384095
0.00682541 0.220955
0.106809 0.21753
0.158791 0.222297
0.136465 0.296298
0.176603 0.644958
0.14568 0.812313
0.0969642 0.831074
0.159711 0.935669
0.146683 0.973057
0.232782 0.987087
0.275696 0.832909
0.276563 0.788463
0.247271 0.724372
0.366678 0.703747
0.468727 0.596623
0.548316 0.77577
0.577689 0.867446
0.53575 0.874562
0.512836 0.986183
0.641764 0.981067
0.747982 0.75999
0.97905 0.655125
0.951423 0.529059
0.893997 0.504573
0.840502 0.523834
0.671364 0.612647
0.644767 0.476163
0.729372 0.395967
0.80975 0.376028
0.822275 0.307508
0.880601 0.303993
0.937315 0.118528
0.9933 0.0610885
0.774347 0.030132
0.798055 0.0706006
0.811038 0.0976823
