30
100
10
0.436325 0.761586
0.548303 0.708883
0.590718 0.677499
0.672671 0.785171
0.62691 0.898624
0.771929 0.957973
0.963613 0.857647
0.935371 0.746292
0.797248 0.783326
0.777088 0.653563
0.867159 0.518751
0.867166 0.341877
0.977343 0.167578
0.921972 0.0838336
0.897968 0.104471
0.894469 0.136382
0.887203 0.197823
0.598856 0.367806
0.424492 0.404123
0.331062 0.0233479
0.273109 0.163005
0.227635 0.231052
0.237305 0.330794
0.311905 0.412528
0.267439 0.415462
0.148251 0.548219
0.0670903 0.991917
0.351269 0.859095
0.302294 0.739761
0.370501 0.71922
