50
100
10
0.39013 0.790711
0.291193 0.889001
0.207791 0.938039
0.158781 0.939319
0.0374436 0.853383
0.088664 0.609635
0.236906 0.597305
0.242261 0.702439
0.316657 0.70741
0.300056 0.662386
0.413278 0.621239
0.393244 0.461836
0.467422 0.406339
0.567309 0.442738
0.543102 0.366543
0.527063 0.30986
0.54286 0.249867
0.481145 0.212818
0.432604 0.184398
0.415946 0.211184
0.304582 0.174043
0.286692 0.206461
0.22814 0.358463
0.141291 0.186844
0.27604 0.0156951
0.519552 0.093098
0.580382 0.0934657
0.695778 0.171548
0.770898 0.26061
0.791154 0.172647
0.89034 0.0771459
0.92586 0.169915
0.881454 0.339138
0.833605 0.360804
0.764147 0.362133
0.77603 0.434549
0.721504 0.529383
0.806406 0.62973
0.873987 0.750893
0.836191 0.756459
0.668323 0.891424
0.690403 0.994973
0.532352 0.929295
0.615385 0.755202
0.680187 0.772005
0.670402 0.726531
0.634482 0.660744
0.592287 0.666169
0.557593 0.577303
0.471793 0.698885
