30
100
10
0.391381 0.768709
0.460584 0.848019
0.376224 0.943802
0.22309 0.777716
0.195543 0.827857
0.0292999 0.750191
0.0128752 0.712877
0.0689959 0.627551
0.224655 0.683674
0.292899 0.658216
0.484817 0.566438
0.393355 0.507008
0.405893 0.48786
0.39945 0.445352
0.338078 0.42875
0.180675 0.381628
0.0118805 0.212342
0.00785938 0.19355
0.094505 0.0197398
0.186085 0.180002
0.275718 0.0803846
0.311225 0.099185
0.438966 0.238893
0.625735 0.29365
0.728538 0.19668
0.8379 0.0264097
0.920963 0.404432
0.704161 0.784736
0.489779 0.751925
0.47345 0.735649
