50
100
10
0.874108 0.148724
0.845289 0.0367415
0.812264 0.0384954
0.658889 0.0644068
0.576823 0.0764319
0.516469 0.0955647
0.520074 0.204304
0.454233 0.314015
0.304831 0.268897
0.33149 0.10489
0.193021 0.147839
0.192244 0.105604
0.142801 0.116589
0.13269 0.0379118
0.0841615 0.104261
0.0112831 0.0993957
0.000460655 0.471668
0.12586 0.457183
0.143037 0.388106
0.304325 0.464181
0.264168 0.606667
0.288845 0.625096
0.247235 0.634539
0.168668 0.646814
0.125266 0.613543
0.0412936 0.669192
0.138364 0.886583
0.0848868 0.963719
0.114465 0.96141
0.165714 0.934224
0.223627 0.934851
0.335158 0.977136
0.333304 0.930176
0.502676 0.719624
0.57699 0.70723
0.561928 0.74305
0.645163 0.80045
0.731911 0.869467
0.705933 0.720575
0.816759 0.706394
0.938547 0.627704
0.950127 0.587593
0.905805 0.538911
0.909876 0.507594
0.706769 0.501971
0.686989 0.449623
0.582211 0.402262
0.940715 0.209266
0.919163 0.19207
0.912646 0.198721
