30
100
10
0.80266 0.602188
0.796619 0.236106
0.677087 0.392847
0.601365 0.625534
0.516855 0.630709
0.414068 0.495176
0.331027 0.442789
0.328003 0.307371
0.378718 0.235518
0.331133 0.191414
0.373772 0.101177
0.466092 0.0788765
0.313025 0.00904215
0.302931 0.0775078
0.164043 0.26325
0.0952116 0.392972
0.119558 0.500345
0.0187725 0.772298
0.181994 0.705599
0.392573 0.665517
0.454663 0.78784
0.479581 0.935929
0.492396 0.998879
0.596353 0.782666
0.674559 0.78336
0.769426 0.810607
0.785819 0.986659
0.950393 0.770547
0.967887 0.728838
0.889484 0.681649
