30
100
10
0.730249 0.595491
0.80764 0.635825
0.932153 0.718083
0.953038 0.534088
0.840206 0.321904
0.791032 0.0937191
0.713076 0.073613
0.551958 0.201846
0.514264 0.155208
0.432791 0.0223132
0.187688 0.0360991
0.25697 0.117754
0.428269 0.239749
0.390352 0.356541
0.253513 0.364504
0.178683 0.302005
0.0162496 0.338079
0.0251901 0.485023
0.048423 0.54778
0.181106 0.614178
0.0328032 0.894181
0.00606362 0.995857
0.388515 0.984497
0.333936 0.823143
0.378854 0.722452
0.60783 0.8373
0.673221 0.847985
0.687791 0.985842
0.811802 0.865091
0.686408 0.723185
