30
100
10
0.160518 0.997482
0.238833 0.805115
0.116167 0.641053
0.330392 0.429888
0.21299 0.320131
0.159992 0.370715
0.131882 0.245895
0.0916888 0.216437
0.0510098 0.251681
0.0109563 0.0177786
0.234938 0.142213
0.281634 0.22029
0.317613 0.160166
0.372624 0.170226
0.618597 0.0160683
0.563328 0.188421
0.479379 0.324304
0.53711 0.394432
0.732076 0.320719
0.680787 0.373508
0.646112 0.546116
0.587152 0.588119
0.687387 0.701994
0.697812 0.690237
0.803078 0.613342
0.958964 0.737891
0.874647 0.91374
0.766406 0.889338
0.497175 0.977545
0.32601 0.927747
