30
100
10
0.982938 0.821324
0.944433 0.780662
0.766726 0.512553
0.879904 0.428407
0.883856 0.377087
0.95517 0.240419
0.95658 0.116644
0.932275 0.125609
0.823332 0.164475
0.785538 0.19714
0.757311 0.151613
0.522851 0.302765
0.417087 0.322958
0.2397 0.182113
0.305205 0.159582
0.392586 0.0464871
0.357063 0.0170485
0.222338 0.0156914
0.0788313 0.0712783
0.139003 0.341911
0.206069 0.401396
0.443055 0.526763
0.46752 0.601682
0.497035 0.703523
0.384887 0.7292
0.241753 0.701744
0.161695 0.69779
0.374044 0.964555
0.487433 0.91175
0.529615 0.935987
