50
100
10
0.338693 0.624629
0.346021 0.602542
0.277426 0.59596
0.216869 0.683963
0.140895 0.694627
0.0402126 0.609031
0.0544454 0.433749
0.0104745 0.162164
0.329434 0.0406674
0.322655 0.102444
0.267252 0.214996
0.26385 0.312941
0.217589 0.324267
0.157506 0.408147
0.274503 0.444116
0.325278 0.429844
0.340768 0.416662
0.391442 0.28461
0.608877 0.350471
0.592149 0.263861
0.616097 0.175267
0.607584 0.129475
0.633422 0.123725
0.667828 0.079712
0.774339 0.100831
0.909623 0.0700903
0.93757 0.316624
0.912585 0.321698
0.746715 0.341586
0.938583 0.610433
0.970603 0.66471
0.943326 0.808722
0.854972 0.878539
0.780315 0.922056
0.757057 0.840882
0.70817 0.864946
0.680523 0.786992
0.763593 0.707868
0.729844 0.558369
0.648745 0.546006
0.57644 0.445312
0.49486 0.538352
0.445422 0.65922
0.419523 0.732223
0.329907 0.934155
0.170922 0.946713
0.0402769 0.932917
0.119586 0.871273
0.198016 0.820592
0.310258 0.720876
