50
100
10
0.122409 0.20432
0.130714 0.156617
0.121351 0.109651
0.288964 0.214223
0.373038 0.219013
0.489038 0.276485
0.470315 0.23526
0.292624 0.0772741
0.353759 0.00964847
0.499995 0.0255032
0.65647 0.142101
0.921782 0.115802
0.972828 0.111042
0.934169 0.174304
0.934803 0.191166
0.961285 0.339739
0.995885 0.388952
0.980241 0.504765
0.923778 0.617038
0.92486 0.629478
0.964897 0.705497
0.927832 0.762432
0.883727 0.802315
0.921599 0.957919
0.804423 0.831156
0.792011 0.76932
0.724719 0.679329
0.757283 0.642397
0.769063 0.526147
0.757365 0.527642
0.604364 0.540668
0.574783 0.635394
0.536653 0.713609
0.615808 0.74356
0.614649 0.749909
0.700442 0.764982
0.727239 0.825617
0.745159 0.947047
0.652046 0.953069
0.642574 0.949176
0.514043 0.855247
0.384932 0.895454
0.373457 0.968713
0.189426 0.923717
0.0748452 0.781662
0.0915144 0.651295
0.209579 0.715156
0.290577 0.582617
0.153496 0.457807
0.035193 0.363809
