30
100
10
0.73172 0.545877
0.980042 0.336372
0.968541 0.171435
0.872109 0.105521
0.690684 0.321925
0.582064 0.386558
0.582712 0.436218
0.462526 0.504503
0.469813 0.566605
0.436973 0.561881
0.36419 0.407995
0.284598 0.136761
0.25982 0.088644
0.0517747 0.123059
0.124713 0.218432
0.256281 0.32601
0.250328 0.556953
0.236803 0.696793
0.119285 0.838993
0.108603 0.90043
0.124204 0.946253
0.201296 0.900853
0.328507 0.983729
0.405598 0.730769
0.650525 0.699329
0.717311 0.802279
0.794553 0.996313
0.854854 0.700262
0.947426 0.663928
0.762228 0.589098
