30
100
10
0.643509 0.763841
0.682411 0.910398
0.636416 0.964592
0.549952 0.891917
0.482443 0.951312
0.334233 0.942529
0.278365 0.882716
0.21152 0.811071
0.0661305 0.869818
0.0958436 0.590526
0.0565533 0.411758
0.0775253 0.335835
0.0350905 0.277651
0.100369 0.134807
0.150392 0.0259447
0.242242 0.0698989
0.261654 0.137119
0.591453 0.152375
0.653424 0.146155
0.228799 0.357551
0.328872 0.392635
0.348662 0.480093
0.379724 0.518617
0.421559 0.583003
0.389009 0.657365
0.529753 0.645796
0.68089 0.671507
0.797493 0.597433
0.875109 0.584821
0.826163 0.654372
