30
100
10
0.715069 0.332735
0.676074 0.460531
0.647703 0.415611
0.575887 0.401833
0.464387 0.523701
0.437904 0.620426
0.496237 0.784962
0.400821 0.933879
0.395947 0.949613
0.537932 0.875939
0.572621 0.774632
0.66529 0.719269
0.825553 0.875811
0.918514 0.911289
0.879762 0.570042
0.939312 0.518484
0.904752 0.295162
0.84241 0.11209
0.83532 0.0330678
0.675183 0.143882
0.646671 0.153059
0.548742 0.0776614
0.234544 0.0680864
0.223032 0.0948005
0.209075 0.263457
0.0144303 0.428504
0.359737 0.398867
0.401181 0.413906
0.47499 0.275196
0.551552 0.247804
