30
100
10
0.711537 0.849851
0.543752 0.880852
0.491904 0.972647
0.449251 0.98239
0.108387 0.896315
0.100599 0.813933
0.172263 0.608006
0.309399 0.570575
0.447039 0.514342
0.143703 0.45215
0.096118 0.0563274
0.307312 0.0356559
0.364193 0.0247939
0.485514 0.255809
0.614628 0.236095
0.715395 0.158576
0.729151 0.142563
0.806558 0.0127862
0.995177 0.100142
0.97747 0.20717
0.853499 0.214348
0.666498 0.488112
0.652694 0.543157
0.9044 0.589199
0.860048 0.663995
0.907036 0.693197
0.955729 0.838761
0.77837 0.879606
0.759259 0.958527
0.728853 0.997202
