50
100
10
0.435069 0.539698
0.469172 0.623339
0.551861 0.692573
0.636301 0.721869
0.600049 0.837823
0.659445 0.89518
0.617048 0.947582
0.66369 0.981075
0.819254 0.845069
0.785998 0.800898
0.842219 0.716158
0.900402 0.528906
0.936911 0.506033
0.87929 0.435482
0.856469 0.295747
0.925197 0.249093
0.964927 0.265076
0.938126 0.074927
0.909819 0.0930563
0.855594 0.0411336
0.872433 0.192806
0.835433 0.196845
0.766229 0.257028
0.761777 0.339592
0.773501 0.350516
0.788156 0.378825
0.710147 0.401604
0.697233 0.535306
0.605968 0.434538
0.580835 0.40738
0.615284 0.326409
0.656473 0.164789
0.57567 0.166464
0.424085 0.214064
0.171479 0.0172055
0.227879 0.394369
0.0712562 0.370422
0.0718275 0.419289
0.0911137 0.492409
0.0590711 0.610339
0.0346688 0.652791
0.0227472 0.663663
0.161646 0.643749
0.267338 0.995629
0.307058 0.862791
0.411237 0.729073
0.287174 0.623589
0.357595 0.559847
0.419959 0.44882
0.463479 0.505908
