50
100
10
0.570473 0.0992932
0.630285 0.052294
0.619438 0.108261
0.643539 0.109469
0.669653 0.108925
0.790178 0.220505
0.786096 0.133207
0.807196 0.0962639
0.799441 0.0748157
0.95153 0.076051
0.999742 0.375981
0.980551 0.421854
0.815266 0.51141
0.79976 0.557641
0.807947 0.62409
0.834271 0.734446
0.725314 0.931882
0.698492 0.888467
0.561955 0.855266
0.540094 0.922236
0.0775128 0.977488
0.143203 0.698234
0.137035 0.554324
0.218023 0.573389
0.264449 0.656971
0.39437 0.621183
0.513768 0.707005
0.537065 0.574052
0.542214 0.52855
0.531812 0.434025
0.531322 0.42569
0.617742 0.464936
0.707263 0.410115
0.597411 0.369151
0.56164 0.295786
0.543493 0.272802
0.464855 0.175351
0.309708 0.250306
0.246489 0.294317
0.286955 0.445381
0.184976 0.471883
0.0650887 0.376906
0.124316 0.214548
0.0311752 0.101734
0.0890262 0.0683871
0.113271 0.0892147
0.307835 0.0153915
0.385107 0.0847414
0.405239 0.0505452
0.47864 0.0252188
