30
100
10
0.62953 0.179351
0.796302 0.0913098
0.833912 0.318845
0.732581 0.449644
0.764206 0.514358
0.966706 0.57914
0.849635 0.710707
0.646485 0.704148
0.506009 0.630214
0.482938 0.742034
0.551985 0.853931
0.617922 0.949917
0.509661 0.993743
0.484146 0.948904
0.347258 0.933929
0.321175 0.848686
0.0547914 0.985227
0.116104 0.681547
0.124141 0.592173
0.13119 0.375966
0.223784 0.357736
0.355357 0.374845
0.304399 0.33031
0.187655 0.130043
0.287774 0.0393725
0.410155 0.0579942
0.555227 0.175237
0.53875 0.22978
0.508101 0.255999
0.638077 0.273867
