50
100
10
0.440271 0.827441
0.301347 0.906015
0.190288 0.965577
0.227787 0.884044
0.376238 0.681649
0.312168 0.70336
0.27482 0.678481
0.15419 0.658424
0.000634909 0.613515
0.0972652 0.447029
0.13343 0.335038
0.117111 0.274496
0.00898628 0.246321
0.0251319 0.089999
0.09387 0.0120706
0.25629 0.067768
0.239643 0.133084
0.247011 0.171875
0.298506 0.475006
0.32996 0.465108
0.416997 0.475484
0.435173 0.442065
0.479012 0.415616
0.468727 0.390636
0.472696 0.341327
0.418992 0.312585
0.538827 0.174927
0.581216 0.137798
0.670993 0.168262
0.783392 0.157883
0.794679 0.160111
0.858764 0.0183146
0.850356 0.179084
0.92433 0.213672
0.691614 0.321128
0.697527 0.41957
0.584414 0.406038
0.590659 0.45646
0.594258 0.503301
0.584826 0.521831
0.773626 0.533705
0.856026 0.452696
0.986939 0.494415
0.875032 0.698143
0.868312 0.882932
0.749502 0.85525
0.689156 0.907869
0.678228 0.910636
0.644059 0.914786
0.609375 0.795314
