30
100
10
0.324272 0.105438
0.496894 0.000776642
0.585258 0.00785788
0.531554 0.10468
0.991565 0.283955
0.846574 0.438561
0.967351 0.683493
0.943518 0.983707
0.887797 0.941797
0.876067 0.8673
0.838916 0.763512
0.722515 0.699444
0.59198 0.768042
0.709994 0.585745
0.723973 0.479985
0.543157 0.433967
0.388162 0.561145
0.20255 0.838139
0.0657299 0.717959
0.0728425 0.710562
0.0565338 0.673773
0.114389 0.6776
0.227421 0.528777
0.261473 0.437719
0.174801 0.45383
0.137329 0.430896
0.0409967 0.437885
0.120061 0.285624
0.146046 0.194992
0.299672 0.187231
