30
100
10
0.539982 0.773392
0.502865 0.755952
0.589799 0.668678
0.633836 0.720234
0.760122 0.780128
0.797008 0.848268
0.785359 0.981458
0.944361 0.822354
0.998606 0.549782
0.705635 0.585274
0.695338 0.588043
0.566731 0.399154
0.596723 0.356333
0.709522 0.218779
0.899107 0.157846
0.688936 0.0359604
0.617932 0.0734701
0.565925 0.206481
0.343185 0.128331
0.251363 0.0457928
0.229696 0.136704
0.0563811 0.214655
0.313348 0.276253
0.454793 0.490994
0.347621 0.734558
0.238952 0.84707
0.129725 0.795621
0.193806 0.946701
0.345403 0.932984
0.526428 0.838657
