50
100
10
0.275251 0.801976
0.285542 0.910577
0.0384173 0.977543
0.0943106 0.811624
0.136155 0.825713
0.182284 0.741614
0.180652 0.719043
0.166408 0.619437
0.149552 0.508613
0.134669 0.458209
0.100319 0.429957
0.0219512 0.157126
0.265881 0.0421867
0.313628 0.000724926
0.291802 0.0603684
0.287216 0.111374
0.333883 0.124852
0.333627 0.219821
0.305755 0.217517
0.212918 0.322195
0.219008 0.445917
0.398218 0.455307
0.39318 0.564141
0.360235 0.593649
0.427986 0.695539
0.521253 0.575464
0.584838 0.511652
0.679806 0.471365
0.64047 0.407939
0.563953 0.29144
0.597486 0.17957
0.612795 0.0709843
0.968604 0.369552
0.796891 0.572758
0.812349 0.609073
0.777491 0.672039
0.85969 0.678143
0.816016 0.782961
0.929059 0.883575
0.737357 0.916334
0.72613 0.830045
0.696264 0.822754
0.641264 0.742943
0.595745 0.756281
0.518104 0.780381
0.482621 0.860089
0.431827 0.927043
0.362381 0.93244
0.403805 0.829834
0.336696 0.807672
