50
100
10
0.640376 0.150667
0.567608 0.0888843
0.529787 0.139175
0.512755 0.180082
0.455932 0.176857
0.414224 0.142959
0.389063 0.153973
0.344802 0.141033
0.307756 0.109879
0.280208 0.0472682
0.051282 0.00987593
0.0280888 0.000818258
0.043479 0.21321
0.237041 0.358628
0.408584 0.357531
0.463179 0.440345
0.342188 0.604174
0.231844 0.581409
0.167008 0.685008
0.163848 0.700219
0.113354 0.550527
0.0676504 0.609941
0.00999358 0.668073
0.040619 0.686514
0.00984808 0.723576
0.00491044 0.767542
0.119787 0.874589
0.0956961 0.906577
0.0686539 0.981832
0.161914 0.929456
0.493389 0.854277
0.612475 0.608728
0.680097 0.688389
0.71982 0.67551
0.782786 0.750557
0.798973 0.83267
0.899715 0.958728
0.969257 0.776665
0.927481 0.693019
0.901599 0.539635
0.969565 0.514849
0.968569 0.334338
0.808676 0.465487
0.786799 0.430335
0.665516 0.375406
0.668822 0.304691
0.697613 0.295541
0.87695 0.0925537
0.930639 0.0398007
0.862751 0.0213858
