50
100
10
0.251302 0.741602
0.194153 0.971771
0.275259 0.920476
0.377611 0.927331
0.448268 0.957103
0.370449 0.742328
0.433799 0.731646
0.445984 0.640601
0.478158 0.668185
0.652122 0.701068
0.589674 0.80822
0.617196 0.895947
0.656089 0.96001
0.699133 0.894252
0.943366 0.880617
0.769122 0.770218
0.757702 0.709058
0.768729 0.684445
0.753005 0.655208
0.707943 0.537851
0.849069 0.551186
0.999119 0.417601
0.987367 0.405047
0.85078 0.388488
0.819623 0.193861
0.703373 0.327227
0.66447 0.305647
0.630786 0.439905
0.597704 0.468255
0.522957 0.487326
0.454663 0.325139
0.434146 0.211808
0.49461 0.130745
0.59416 0.0600358
0.499959 0.0432217
0.324234 0.0673414
0.224441 0.0409375
0.166299 0.011403
0.0061063 0.119134
0.219371 0.203332
0.311122 0.284297
0.276983 0.432563
0.210894 0.462374
0.156097 0.493674
0.148963 0.502902
0.174325 0.538945
0.206456 0.557314
0.173574 0.572628
0.0895557 0.738637
0.194742 0.755973
